0.059087727083497
0.0590869869308108
0.0590903423729939
0.0590896022222479
0.05908886207399
0.0590922175170635
0.0590914773682271
0.0590907372201491
0.0590899970712868
0.0590933525133768
0.0590926123601008
0.0590918722062478
0.0590952276473377
0.0590944874948035
0.0590937473433061
0.0590971027845749
0.0590963626329174
0.0590956224821568
0.0590989779232996
0.0590982377713105
0.0590974976208598
0.0590967574698983
0.0591001129134627
0.0590993727610763
0.0590986326052424
0.0591019880382913
0.0591012478786622
0.0591005077168517
0.0591038631485984
0.0591031229898947
0.0591023828316839
0.0591057382694497
0.0591049981120245
0.0591042579559784
0.0591035178027514
0.0591068732430077
0.0591061330871878
0.05910539293219
0.0591087483705728
0.0591080082136488
0.0591072680578301
0.059110623495549
0.0591098833385204
0.0591091431806189
0.0591124986159419
0.0591117584602766
0.0591110183078283
0.0591102781491433
0.0591136335846909
0.0591128934296494
0.0591121532747817
0.0591155087172359
0.0591147685685981
0.0591140284181448
0.0591173838613095
0.0591166437109613
0.059115903561497
0.0591151634131253
0.0591185188551837
0.0591177787032933
0.0591170385544184
0.059120393998624
0.0591196538496933
0.0591189137012483
0.0591222691460515
0.0591215290007733
0.0591207888529193
0.0591241442984332
0.0591234041484599
0.0591226640002592
0.0591219238532258
0.0591252792955475
0.0591245391425571
0.059123798988582
0.059127154431069
0.0591264142877195
0.0591256741456614
0.0591290295933728
0.0591282894466034
0.0591275492989032
0.0591309047419821
0.0591301645900877
0.0591294244396682
0.0591286842863114
0.0591320397266548
0.0591312995759479
0.0591305594210376
0.0591339148581999
0.0591331747026367
0.0591324345479598
0.0591357899898287
0.0591350498392422
0.0591343096926527
0.0591376651405533
0.0591369249952833
0.059136184846743
0.0591354446949123
0.0591388001395078
0.0591380599932261
0.059137319846261
0.0591406752907279
0.0591399351433954
0.0591391949978695
0.059142550439811
0.0591418102866155
0.0591410701313043
0.0591403299727066
0.0591436854070205
0.0591429452476338
0.0591422050892544
0.0591455605265114
0.0591448203716648
0.0591440802136154
0.0591474356528226
0.0591466954968365
0.0591459553440768
0.0591493107847725
0.0591485706389819
0.0591478304948223
0.0591470903492443
0.0591504457991544
0.0591497056585228
0.0591489655175333
0.0591523209702447
0.0591515808274592
0.0591508406848675
0.0591541961330754
0.0591534559878259
0.0591527158410712
0.0591560712863563
0.0591553311392546
0.059154590990253
0.059153850845366
0.0591572062943228
0.0591564661513426
0.0591557260089904
0.0591590814544287
0.0591583413066646
0.0591576011550925
0.0591609565930646
0.0591602164334829
0.0591594762736989
0.0591628317036979
0.0591620915406212
0.0591613513809162
0.0591606112220058
0.0591639666495727
0.0591632264834192
0.0591624863133165
0.0591658417342438
0.0591651015648397
0.0591643613960447
0.0591677168199157
0.0591669766496132
0.0591662364820603
0.0591654963118754
0.0591688517384403
0.0591681115746859
0.0591673714100534
0.05917072683482
0.0591699866643608
0.0591692464970275
0.0591726019219493
0.0591718617505906
0.0591711215775289
0.0591744769990089
0.0591737368267745
0.0591729966584577
0.0591722564915998
0.059175611920027
0.0591748717542784
0.0591741315860943
0.0591774870112475
0.0591767468441043
0.0591760066768486
0.0591793621044112
0.059178621944299
0.0591778817877767
0.0591812372260511
0.0591804970739832
0.0591797569200179
0.0591790167671481
