      8.9077978
      131.71543
      59.991956
      68.858934
      96.409902
      138.44808
      125.30855
      113.92740
      11.709091
      9.2685940
      33.613610
      20.001552
      23.754027
      56.037282
      271.75561
      99.984948
      7.6837641
      74.152992
      88.147508
      117.83186
      64.680300
      126.00634
      29.943293
      18.397484
      48.986942
      324.72794
      134.72708
     0.66774821
      111.47907
      17.087011
      1.2384828
      3.9779281
      9.1270154
      4.3502271
      191.63373
      33.278637
      4.4114641
      1.3100252
      47.168512
      22.833003
      21.579916
      62.432810
      2.5957746
      33.748117
      20.800267
      9.0894364
      54.022241
      140.85148
      13.951460
      176.56698
      66.622587
      110.90480
      14.941803
      137.54222
      47.247026
      156.87191
      272.72890
      79.142996
      262.84766
      261.98645
      23.682451
     0.63652402
      75.603370
      7.0865846
      24.979698
      116.40767
      82.713930
      68.649957
      23.510069
      23.781574
      87.765782
      67.861623
      10.767415
      35.786281
      124.65034
      108.64551
      17.330132
      2.1442927
      97.345236
      83.029472
      71.018811
      58.059100
      94.790241
      181.27966
      7.6443583
      85.623578
      161.22552
      6.3035734
      56.644627
      93.646324
      71.604489
      19.468468
      8.4881482
     0.31216022
      136.33201
      33.951670
      18.654841
      1.1867567
      351.05340
      12.025951
      78.946386
      34.445680
      61.524491
      240.00103
      161.41338
      140.87788
      39.901272
      400.54688
      141.36687
      98.295319
      316.86104
      88.443433
      64.799139
      288.16659
      109.26935
      200.82559
      201.02272
      13.850869
      193.79624
      81.970748
      36.683294
      51.149956
      29.126872
      109.91497
      113.22579
      101.06615
      73.502501
      1.1504201
      94.528788
      191.73678
      169.39352
      51.462120
      5.8051854
      794.92110
      5.0846279
      390.39872
      64.607069
      20.205781
      247.53295
      283.02077
      147.62380
      221.93591
      33.426363
      132.73133
      32.718305
      198.77038
      12.383937
      134.48186
      41.654238
      347.14549
      106.65503
      95.736922
      9.7527041
      9.1313165
      201.24268
      1.6913623
      51.501205
      39.925521
      125.17460
      273.42389
      98.632353
      45.544913
      55.782632
      11.186654
      3.8703694
      11.604115
      67.161135
      90.457000
      45.532760
      48.369181
      298.82255
      91.830716
      66.459355
      22.335280
      8.5683330
      4.8132191
      142.75340
      77.033484
      50.619435
      92.534988
     0.25322263
      196.11521
      29.036632
     0.17741770
      103.92265
      48.448867
      170.12086
      1.5997424
      69.722712
      19.227491
      110.48570
      248.24651
      103.37689
      198.78061
      125.89307
      21.210178
      72.646848
      49.984359
      119.47574
      71.384587
      53.609290
      29.971103
      18.405887
      49.505712
      28.187481
      48.266401
      57.947130
      71.959340
      12.975203
      37.776529
      7.3909635
      57.701479
      132.45720
      26.470103
      56.612283
      27.841978
      77.300488
      32.092388
      153.81468
      153.58669
      111.07451
      129.81872
      3.9110121
      153.32439
      22.862118
      76.850784
      27.112384
      27.421171
      183.67115
      29.895178
      148.67455
      111.06920
      69.451068
      327.16087
      123.13197
      201.60407
      160.40650
      25.528418
      30.294028
      31.407596
      38.351161
      121.77730
      141.37031
      149.95635
      163.86384
      119.10365
      64.102473
      55.770329
      160.46196
      150.42966
      19.680551
      95.729122
      169.98098
      66.419280
      27.973442
      174.22149
      36.466162
      25.589730
      84.424948
      8.2174836
      3.4223374
      57.307181
      72.534877
      21.460811
      44.423029
      33.669866
      23.627533
      188.99357
      119.74173
      64.060690
      249.76529
      21.974736
     0.41754101
      63.548127
      16.952719
      110.91987
      17.759152
      34.113264
      187.89036
      55.109440
      192.71012
      80.197896
      183.93031
      74.919435
      110.57857
      2.9616219
      65.012717
      242.95334
      53.070679
      138.61761
      114.66965
      49.318857
      45.037773
      37.881039
      240.50562
      44.768679
      122.14791
      115.72832
      35.849156
      9.5965556
      208.85202
      16.988304
      46.999130
      156.79103
      80.470286
      31.311724
      15.107524
      155.24503
      165.04844
      28.606692
      12.234251
      100.01164
      85.468448
      54.946529
      113.19410
      83.524410
      125.62097
      2.5632661
      75.635559
      42.889418
      11.913012
      75.675042
      431.49560
      31.161599
      37.332837
      3.9370252
      377.82172
      54.692065
      99.094498
      35.920466
      38.493257
      161.42183
      86.522379
      62.441625
      160.95604
      102.79495
      67.998688
      30.292891
      130.80528
      484.71758
      257.80785
      349.04358
      3.4663459
      96.052580
      37.962097
      3.1409105
      3.7026982
      23.123770
      17.280264
      24.706708
      4.0989437
      101.43016
      113.31030
      30.785739
      3.6349024
      5.0901553
      142.78764
      35.208963
      574.31668
      129.24139
      59.155469
      127.70245
      62.263094
      117.36236
      243.86922
      33.103479
      300.05812
      58.791300
      296.94009
      53.709939
      32.194083
      448.71664
      18.395528
      335.75737
      39.249590
      4.9851493
      97.722986
      115.16984
      69.266142
      65.539734
      167.82305
      31.627658
      45.607361
      13.762445
     0.69956697
      28.636110
      97.856856
      77.540480
      5.6124400
      8.5947552
      49.995858
      5.9757630
      66.330854
      45.102468
      342.75079
      182.41032
      60.150247
      461.08997
      5.5822924
      27.014836
      24.983648
      12.157513
      34.026737
      24.820138
      162.05448
      290.40587
      29.653306
      98.003152
      15.477995
      279.02337
      98.890243
      83.711248
      4.2228823
      135.49848
      28.253772
      62.362748
      106.55078
      24.417107
      53.049199
      195.66452
      303.37696
      48.041909
      35.229942
      10.529034
      16.015276
      117.83680
      77.603238
      39.142395
      149.84422
      115.80324
      58.473679
      39.613647
      126.07317
      60.205359
      59.517155
      79.304104
      180.40170
      1.5883007
      79.755857
      137.80738
      67.661468
      53.538950
      303.86183
      5.1983626
      19.289701
      17.713660
      26.064209
      5.5733347
      16.442691
      264.90151
      81.240666
      99.305626
      94.463195
      156.40366
      196.66965
      184.93368
      392.66122
      10.819914
      35.820650
      146.05118
      27.552000
      161.34311
      24.631555
      5.3176214
      52.651322
      24.810400
      72.559258
      138.73563
      55.229984
      7.9751532
      26.486835
      21.272837
      57.648076
      114.91678
      30.266380
      194.30652
      367.29843
      111.58680
      77.209358
      20.863529
      107.81490
      66.534980
      35.491894
      4.8541645
      76.051263
      9.6068898
      4.6342955
      42.338670
      187.04480
      5.1531564
     0.55848210
      27.195280
      86.421887
      20.306986
      140.55064
      488.01042
      2.3467203
      238.54137
      396.37546
      120.79450
      47.996412
      266.69328
      131.98875
      6.1817136
      230.43408
      49.579290
      17.407559
      199.25672
      144.72470
      19.803038
      8.9201790
      26.345653
      217.32758
      143.40749
      39.283716
      46.452324
      124.03861
      148.14686
      100.39040
      11.817240
      3.8113182
      1.3868194
      11.399077
      101.33440
      36.981889
      56.065752
      41.205187
      82.783559
      19.150123
      107.26830
      189.72559
      67.643361
      6.9546074
      90.233199
      213.61313
      73.899843
      45.052990
     0.78062391
      47.129078
      126.20071
      36.339176
      29.335566
      137.60318
      63.526576
      340.81780
      126.66533
      161.53518
      22.774326
      74.485908
      8.0489329
      23.299510
      254.41962
      71.531708
      168.61289
      168.94426
      64.867870
      183.68607
      160.68837
      221.56478
      334.80625
      116.47961
      264.45276
      24.049351
      86.646794
      71.879417
      118.66249
      19.134359
      70.356249
      212.25827
      197.78083
      64.318873
      64.898397
      6.0795291
      37.863603
      433.29223
      206.09272
      152.43379
      8.4628937
      20.862084
      10.821280
      223.68022
      54.410636
      360.01806
      34.977540
      278.99799
      30.543067
      80.273795
      62.944800
      109.38210
      3.1125321
      72.369637
      104.71173
      97.061417
      478.42037
      148.54195
      88.043668
      120.32863
      164.10824
      98.704385
      30.388757
      120.62145
      30.192096
      127.19752
      29.669644
      75.042223
      232.55851
      261.21162
      107.65942
      7.4566386
      139.55057
      132.94911
      378.34594
      235.79680
      19.834201
      113.72036
      1.5687168
      200.51944
      50.900197
      48.535341
      76.459044
      118.25168
      237.36781
      90.653643
      178.56881
      264.57618
      8.9832850
      345.94778
      127.89852
      2.4553427
      4.8213143
      44.288172
      157.11034
      27.599919
      74.256164
      27.582427
      19.652534
      191.95504
      29.759778
      10.063591
      16.895062
      22.275855
      7.1248024
      150.61630
      13.765121
      109.17984
      31.984213
      46.876139
      204.57813
      38.057217
      396.72847
      124.50846
      104.63267
      100.62216
      85.038955
      41.225474
      44.386082
      22.672086
      172.21158
      10.832808
      253.43423
      82.914913
      48.959607
      25.349636
      19.021276
      166.82185
      40.993749
      25.958126
      116.13727
      708.21231
      8.5169075
      133.50523
      210.54006
      20.575242
      28.698850
      305.09394
      41.634220
      226.44359
      49.906829
      132.23839
      73.487953
      14.692931
      13.058135
      70.731916
      133.48280
      25.445127
      7.8766001
      56.438779
      130.96462
      114.85143
      147.74458
      74.333498
      64.692667
      1.7887492
      105.25360
      36.187526
      109.97268
      1.7221200
     0.22102381
      217.07659
      52.366401
      395.97467
      79.266885
      127.46599
      47.090722
      60.900475
      36.611385
     0.28764690
      250.37631
      84.705683
      46.319966
      101.54669
      25.924697
      20.939574
      63.760652
      3.5037691
      115.47463
      36.370880
      377.34767
      58.709250
      384.42850
      123.08864
      192.55815
      376.64626
      120.95877
      431.23785
      1.2736693
      164.83195
      14.608208
      18.489838
      25.869216
      16.098081
      159.96480
      170.45901
      35.767669
      20.205861
      53.233035
     0.90452764
      4.3929034
      303.78080
      450.22002
      92.795798
      56.589778
      188.61836
      161.82833
      267.37132
      23.244027
      78.001219
      103.89727
      73.786621
      49.950450
      106.89239
      98.892408
      126.05720
      23.275670
      21.141570
      109.16011
      30.248076
      52.292042
      48.928750
      19.505434
      119.85408
      37.505448
      30.493114
      140.31335
      104.65899
      209.78910
      472.82052
      105.14238
      39.060686
      152.30176
      160.47446
      20.437382
      230.12141
      105.49960
      13.046206
      359.87054
      75.400852
      136.50841
      34.526419
      37.615405
      33.329639
      10.836884
      140.60497
      5.9221353
      10.667044
      138.94631
      108.60515
      49.267819
      42.951419
      212.80215
      9.8013686
      317.15040
      94.338368
      100.84483
      2.1477190
      76.637945
      78.750698
      19.297525
      113.36974
      196.28022
      38.757302
      101.90253
      127.50421
      225.92903
      359.30408
      58.654751
      19.635996
      11.678601
      36.025572
      58.867075
      1.4757248
      47.193584
      171.02221
      142.26691
      73.831607
      15.139950
      64.087201
      101.93287
      45.558508
      24.658500
      20.068999
      9.7203116
      41.606914
      20.536758
      228.25391
      148.40570
      13.643346
      19.183064
      508.52385
      322.65562
      77.097967
      78.218629
      101.14426
      38.295199
      129.73205
      6.8652042
      70.358512
      28.019418
      7.6516061
      8.9307193
      8.9203540
      47.907971
      326.02670
      188.18070
      99.986814
      44.854290
      2.2736468
      27.765854
      80.627908
      60.899583
      88.800465
      69.714934
      90.741823
      61.990793
      30.963246
      28.091331
      32.035148
      73.589343
      117.41842
      70.490358
      212.51512
      111.43418
      61.878815
      425.70221
      226.68272
      152.08006
      48.164032
      225.86761
      162.15267
      216.43584
      14.813516
      206.83507
      379.33803
      58.658626
      38.966569
      152.76590
      253.50838
      261.92423
      69.694362
      43.071889
      75.877296
      95.554809
      128.19541
      3.1384425
      103.41421
     0.58622066
      117.59665
      107.28418
      19.838717
      1.9769644
      16.758750
      202.95462
      189.70888
      56.234427
      191.76580
      97.678132
      30.208404
      147.53492
      72.827355
      175.98183
      327.71403
      163.93599
      102.67655
      10.788314
      37.552554
      34.745924
      37.018967
      362.57667
      13.776842
      207.36539
      25.493358
      223.84967
      2.4189578
      25.937613
      153.54106
      121.88690
      42.485089
      13.608748
      32.447611
      44.940079
      279.01158
      105.23073
      72.925973
      178.01951
      360.47837
      26.964402
      12.491182
      12.269446
      36.545410
      52.094266
      23.795532
      447.58304
      226.43310
      3.7317188
      89.347145
      220.91249
      68.304325
      178.43405
      39.101052
      195.67687
      23.359776
      4.6813144
      48.273980
      18.078652
      150.23778
      31.538965
      6.8352406
      372.89828
      350.56543
      46.943166
      174.89867
      277.14093
      67.172045
      96.970526
      87.841971
      605.79070
      92.690958
      36.147919
      31.405934
      108.90171
      167.33280
      154.68343
      38.253602
      102.07398
      133.25992
      99.382090
      23.173541
      111.41987
      16.180433
      94.399386
      31.870772
      33.902871
      20.165886
      201.97232
      19.586351
      239.02677
      62.798459
      13.027106
      197.71248
      328.93686
      226.60559
      10.976446
      58.294235
      40.962218
      7.4090831
      162.20809
      14.462343
      167.51757
      59.722760
      159.92270
      135.14436
      30.617353
      171.32516
      102.90781
     0.75962631
      51.425179
      274.25485
      2.8731820
      137.50108
      93.968991
