      46.186449
      242.06396
      135.50308
      161.36578
      134.03915
      233.68660
      196.00125
      190.62975
      37.179468
      39.195327
      77.734596
      37.558154
      110.59648
      131.77744
      339.03169
      195.07712
      31.921665
      187.99275
      184.61874
      307.43141
      114.10922
      171.49147
      54.319297
      162.27340
      134.66810
      505.80314
      175.28994
      15.994948
      164.24533
      35.329916
      50.310709
      44.908162
      42.647749
      25.603485
      270.31589
      87.016054
      23.769725
      15.397889
      112.23212
      73.387344
      53.078732
      141.46798
      38.261971
      58.649170
      53.608771
      46.720607
      143.46409
      229.29781
      58.849043
      231.41254
      161.91616
      258.18852
      60.999191
      256.55531
      96.913749
      285.54981
      363.78403
      165.10697
      379.81939
      332.28133
      123.36345
      16.152806
      152.33877
      88.363270
      50.045125
      161.47075
      186.58690
      172.45330
      71.727415
      80.033019
      150.24537
      141.85672
      51.777085
      123.92921
      140.04687
      183.66509
      73.150051
      76.349227
      165.67898
      109.67131
      107.30333
      143.88094
      119.94035
      181.74111
      46.028335
      134.55939
      333.49632
      62.154910
      143.62713
      162.38015
      104.48079
      39.702898
      29.795398
      27.416811
      265.74826
      54.340054
      50.749498
      19.354829
      334.55755
      38.154691
      111.47271
      89.011701
      113.18957
      274.08111
      258.45445
      195.50608
      121.65642
      520.69561
      274.00154
      191.91307
      409.39672
      145.44637
      96.921584
      392.96269
      258.82666
      252.61312
      292.14894
      45.395788
      302.76314
      170.45328
      90.501684
      86.612302
      74.951437
      162.47610
      140.26584
      132.86582
      141.85454
      17.208684
      116.56505
      309.37423
      263.80341
      67.066985
      33.366095
      742.34931
      22.952829
      488.24467
      149.20272
      115.35245
      371.60459
      312.61302
      274.58912
      289.17656
      82.738901
      144.60929
      72.923656
      225.46044
      38.277331
      240.99400
      115.08595
      441.30626
      258.04645
      174.88753
      56.338868
      55.116234
      282.47172
      26.003173
      166.32836
      86.662835
      234.79182
      403.53611
      144.56699
      86.842481
      148.93249
      30.963329
      114.53423
      74.131636
      131.76600
      153.38651
      106.04147
      116.38054
      409.71305
      225.22952
      81.878641
      108.37402
      55.793119
      21.923210
      132.19206
      188.76014
      101.47081
      179.40967
      35.202227
      319.41967
      108.69764
      30.286322
      180.07553
      120.09664
      253.98765
      15.285388
      152.73336
      79.482607
      190.17283
      378.97953
      172.95168
      229.92594
      201.39971
      52.081836
      143.75849
      130.81096
      228.10287
      114.82667
      102.67231
      82.835367
      104.58889
      136.11296
      90.297510
      154.20152
      121.26201
      134.48605
      39.294676
      193.40952
      100.63473
      164.21278
      204.99496
      142.03217
      143.56593
      70.198357
      148.09563
      51.717723
      180.24415
      303.78291
      187.84036
      200.77011
      25.261289
      277.26462
      76.661066
      154.18684
      130.97130
      99.594158
      283.15134
      66.389277
      250.45975
      219.75061
      111.13592
      376.47889
      213.18050
      409.76249
      341.54559
      71.525025
      104.21619
      80.387178
      80.480267
      198.70332
      254.08177
      284.37724
      215.46145
      115.75871
      153.83608
      89.921350
      327.43913
      293.59267
      68.417189
      181.07284
      288.91887
      136.24248
      98.618937
      260.62274
      62.042366
      81.907064
      181.24941
      39.107549
      32.015444
      127.58431
      134.23780
      78.254176
      87.745549
      62.780168
      79.752980
      318.63242
      178.00255
      121.62529
      306.32801
      50.239765
      8.7582841
      96.435787
      78.672059
      257.30870
      65.650125
      92.261586
      267.11878
      140.66576
      282.91746
      134.75929
      314.78151
      95.316044
      237.99038
      20.224923
      131.90882
      319.16635
      139.23486
      263.55311
      185.29944
      89.943235
      135.67475
      98.145530
      397.69282
      67.347982
      184.80813
      180.27701
      129.13664
      14.798699
      288.95064
      53.800529
      112.99474
      261.79597
      169.63217
      48.810344
      49.381782
      238.32883
      197.92999
      112.06211
      58.572631
      167.31894
      171.93328
      119.80160
      248.20751
      182.59002
      255.19131
      11.539850
      160.32236
      89.961664
      52.498953
      155.42410
      466.48312
      72.301469
      102.18687
      19.710589
      421.47303
      165.89026
      144.40033
      135.47076
      90.042227
      242.58538
      187.92560
      71.830153
      323.67494
      118.31131
      129.23144
      95.042900
      201.35966
      440.75848
      289.26238
      472.20848
      22.608713
      228.00768
      113.61396
      65.607457
      31.284414
      80.352980
      41.454578
      63.125331
      20.824802
      187.93809
      201.53008
      112.42888
      18.294886
      28.255093
      334.52660
      78.222577
      418.60713
      218.20024
      176.02699
      164.30865
      113.63478
      195.25765
      358.65894
      138.04648
      403.72033
      124.65133
      405.11631
      117.55732
      56.075693
      604.29238
      59.589815
      220.60980
      108.83775
      27.377393
      229.05577
      297.66322
      109.80054
      122.55575
      271.24598
      75.967725
      105.59664
      109.45385
      18.542335
      72.726872
      192.44261
      158.72011
      56.309165
      48.248149
      143.81759
      48.496984
      167.07152
      101.06952
      429.07673
      262.61963
      110.52174
      507.34143
      35.029050
      80.879605
      113.08674
      35.962154
      114.62907
      88.906361
      202.87468
      458.13593
      76.562960
      152.90117
      67.958077
      456.30493
      95.348961
      142.28722
      22.390079
      205.44479
      56.713616
      125.86686
      184.45678
      60.893881
      153.12319
      302.31197
      326.82560
      136.26073
      51.669896
      38.180505
      53.422751
      207.29211
      180.80538
      101.01996
      245.11935
      223.85716
      59.960579
      93.318424
      205.34679
      166.94399
      75.124934
      115.82493
      289.80316
      44.469299
      166.13833
      195.87445
      105.63125
      111.68071
      362.27294
      34.112820
      152.36680
      36.707068
      87.837441
      33.441279
      55.510703
      364.74189
      176.10299
      127.43038
      179.32657
      244.68766
      295.74011
      320.02952
      451.87218
      44.215960
      70.474879
      270.74216
      74.386920
      194.57271
      50.021847
      77.495596
      98.375498
      53.514974
      101.63578
      199.30285
      198.38804
      45.422701
      171.22865
      68.748603
      138.57765
      237.53334
      66.689903
      275.97044
      505.18924
      122.70453
      141.59863
      39.093343
      148.18961
      112.15139
      80.928649
      43.577605
      129.76584
      27.156231
      34.993252
      112.08850
      291.66633
      60.579768
      18.421169
      64.059019
      163.24556
      64.384709
      322.60423
      502.24954
      42.172770
      356.84477
      577.85942
      172.84183
      112.31359
      320.11381
      228.05373
      36.218520
      314.53929
      117.09393
      63.897514
      238.50040
      198.60318
      35.811576
      15.337932
      71.084880
      259.61305
      268.38309
      103.63593
      117.06259
      138.69970
      243.46063
      180.20584
      36.558543
      49.427296
      55.625634
      21.396190
      187.49413
      79.762435
      132.99696
      76.232737
      148.23659
      77.460227
      174.86947
      260.34185
      158.01868
      55.464928
      124.18851
      308.68894
      142.58866
      109.38532
      25.577891
      90.157376
      159.28251
      79.922301
      71.403513
      189.76682
      134.78372
      365.48726
      155.83685
      280.85229
      52.452982
      162.36293
      51.565446
      62.037357
      322.53198
      138.65107
      238.86625
      225.41012
      113.32002
      294.46105
      142.76427
      343.89312
      454.93341
      170.00244
      327.43640
      69.428761
      140.24835
      142.88617
      168.30626
      49.351105
      135.86674
      294.95608
      262.52961
      178.60734
      149.95357
      20.942643
      86.608802
      685.61282
      309.26696
      228.59773
      46.841421
      43.150013
      34.544511
      396.84268
      106.51256
      448.21567
      101.27872
      400.79579
      78.844953
      159.04805
      109.36552
      136.13343
      44.277013
      171.50379
      119.18088
      217.65547
      470.19877
      249.61794
      157.75265
      172.91399
      201.18317
      166.50955
      110.82366
      179.37572
      169.63393
      232.85018
      125.46877
      137.64714
      305.53123
      301.54071
      123.50744
      23.729670
      124.25101
      205.39490
      558.06187
      314.42138
      57.119702
      164.57848
      30.423659
      230.34299
      132.08460
      97.665551
      119.12759
      194.91027
      289.58491
      175.47002
      244.53254
      316.91189
      64.220928
      362.95746
      207.26213
      66.599933
      44.042354
      53.684344
      322.31155
      41.998144
      137.46546
      174.94927
      170.26640
      237.07982
      109.37532
      63.312954
      57.024818
      55.125102
      36.484762
      193.02464
      46.385542
      136.66819
      113.75645
      95.253665
      256.04232
      64.078725
      438.16436
      223.22605
      224.91744
      139.41560
      121.15665
      143.25812
      118.85879
      73.020379
      250.14381
      40.481155
      344.38502
      127.80612
      124.02905
      70.277191
      50.293456
      233.76128
      116.51684
      63.494846
      267.24762
      771.10081
      33.713314
      271.82743
      359.58537
      52.224413
      94.441252
      473.54244
      147.74441
      330.63638
      93.244456
      216.78828
      143.47634
      43.008681
      69.115888
      133.59379
      246.39852
      85.664042
      90.424822
      112.77731
      224.93372
      212.21328
      256.93569
      176.19812
      160.34508
      9.0633662
      177.10560
      59.982849
      172.20169
      25.026547
      6.4598235
      278.60220
      100.28231
      525.01501
      123.60370
      184.18361
      73.774523
      90.515880
      117.49141
      43.898847
      354.41915
      172.66527
      109.17929
      128.26942
      67.316455
      71.210487
      189.04147
      26.756688
      205.71367
      74.385732
      490.54894
      100.34214
      560.23486
      191.96225
      292.23953
      356.06561
      260.20015
      457.73862
      13.644950
      240.64474
      73.089669
      43.725127
      105.53328
      54.403557
      244.74386
      328.93447
      59.356334
      72.491627
      96.064082
      22.805746
      23.190636
      319.97748
      628.21182
      137.46116
      142.39950
      262.16109
      225.93970
      304.76679
      71.814122
      134.13581
      199.70210
      172.36029
      111.56224
      140.95261
      163.01210
      164.39163
      65.415122
      76.024805
      114.55870
      78.912298
      125.04128
      132.69110
      92.378966
      154.36900
      142.69609
      65.828399
      264.50360
      192.44439
      209.76557
      674.96443
      107.71515
      72.055805
      233.22071
      216.54199
      43.263637
      274.30680
      210.79819
      22.084190
      407.50077
      102.38457
      182.92956
      100.09082
      87.565860
      75.632936
      37.141585
      235.93382
      76.929561
      48.098055
      277.56777
      132.78931
      126.46002
      101.78496
      374.64243
      59.956227
      328.52536
      167.27686
      134.86980
      22.582957
      178.46784
      120.49017
      42.338592
      224.75838
      204.02377
      85.266443
      200.02090
      197.16878
      331.91963
      315.97225
      105.40249
      71.348454
      39.049642
      111.54079
      130.54266
      23.023814
      94.609816
      181.73629
      214.10157
      132.09722
      32.592157
      79.893495
      121.90036
      66.415572
      96.597245
      65.718034
      71.076501
      91.056953
      92.851017
      424.18492
      232.57683
      75.881714
      71.471313
      632.10074
      482.57306
      163.77702
      114.80917
      171.83956
      95.859500
      219.80312
      59.314929
      172.36925
      71.051603
      47.232567
      40.727149
      27.869650
      108.24088
      411.39975
      252.08786
      127.22555
      102.66260
      36.312590
      73.929279
      179.70345
      153.07121
      219.13808
      89.276479
      208.28937
      130.37628
      109.22452
      105.69694
      88.729243
      177.87945
      214.80443
      102.60452
      420.20069
      218.59556
      139.56142
      480.86600
      308.82150
      223.31515
      97.941496
      304.30813
      259.77875
      338.12769
      25.820092
      263.77595
      450.50720
      117.61481
      90.750782
      291.81845
      347.74341
      331.70579
      126.72829
      97.318921
      108.32104
      138.54549
      218.03360
      29.013897
      170.86300
      10.700565
      110.79698
      185.60903
      29.247651
      16.251868
      36.735362
      210.15040
      276.22223
      162.37309
      347.62817
      158.87883
      146.96710
      305.20549
      141.97722
      245.31563
      413.68226
      253.93748
      176.08442
      63.876725
      65.254704
      54.272184
      99.720521
      435.73406
      66.693151
      349.62176
      89.666000
      297.44348
      38.067896
      43.075761
      243.54816
      199.07596
      74.075470
      30.233842
      190.96255
      123.80209
      381.78166
      161.35700
      147.30271
      244.23653
      451.65280
      94.752919
      37.584618
      40.506977
      96.593312
      102.38328
      74.785534
      563.29962
      277.07912
      35.625205
      117.77771
      340.93095
      124.63603
      224.26215
      59.486889
      209.01152
      120.41489
      37.291948
      148.81174
      48.620238
      257.22983
      81.060362
      22.278783
      442.85842
      383.95959
      114.78779
      243.28581
      240.39423
      142.13540
      171.09053
      193.57422
      693.99807
      138.61312
      81.169970
      67.471366
      225.86332
      297.24389
      230.51369
      97.908052
      239.19287
      186.89909
      148.70665
      70.134597
      151.18758
      37.884671
      184.93433
      81.255369
      111.25563
      69.958524
      197.27657
      85.611167
      257.97311
      169.13632
      65.244309
      286.32968
      454.91454
      278.12053
      87.471769
      125.21044
      53.725354
      32.425076
      205.79885
      43.943844
      278.78461
      154.80035
      260.80360
      217.90684
      72.430562
      340.94062
      195.47198
      33.001239
      80.173209
      374.93910
      65.777844
      244.11207
      177.90379
