      4.9645586
      6.6227266
      7.7748944
      8.7455683
      9.5900626
      10.312257
      10.970644
      11.609012
      12.199736
      12.752821
      13.276085
      13.763542
      14.277299
      14.751432
      15.197284
      15.646391
      16.081448
      16.539801
      16.961939
      17.378393
      17.762851
      18.157885
      18.551737
      18.931908
      19.315451
      19.676412
      20.047588
      20.402345
      20.742339
      21.091841
      21.410737
      21.743424
      22.085481
      22.415993
      22.729174
      23.044210
      23.371548
      23.689135
      24.013427
      24.329890
      24.646219
      24.950208
      25.268986
      25.579473
      25.898565
      26.218956
      26.531513
      26.854592
      27.157236
      27.451316
      27.749774
      28.036936
      28.330597
      28.605300
      28.898549
      29.194827
      29.484302
      29.758568
      30.042371
      30.324527
      30.577875
      30.864558
      31.141248
      31.413541
      31.694172
      31.963061
      32.241446
      32.522237
      32.805496
      33.082043
      33.354307
      33.636489
      33.903691
      34.177760
      34.441987
      34.714437
      34.981663
      35.248978
      35.535071
      35.793147
      36.058121
      36.326237
      36.584642
      36.848445
      37.106312
      37.354935
      37.623768
      37.876424
      38.143000
      38.404493
      38.653879
      38.902860
      39.159582
      39.422658
      39.673988
      39.956150
      40.215196
      40.486088
      40.753022
      41.010538
      41.281647
      41.537605
      41.798910
      42.059557
      42.318381
      42.574738
      42.845118
      43.128825
      43.395735
      43.650971
      43.909749
      44.162926
      44.412254
      44.684993
      44.953882
      45.216250
      45.480420
      45.738126
      46.004996
      46.257822
      46.518153
      46.779335
      47.048474
      47.310382
      47.575169
      47.843797
      48.093587
      48.359366
      48.616028
      48.880287
      49.138838
      49.395658
      49.664978
      49.932198
      50.198504
      50.459924
      50.734400
      51.004386
      51.270675
      51.537427
      51.805467
      52.083513
      52.344813
      52.606336
      52.855676
      53.124753
      53.379314
      53.649949
      53.934418
      54.195220
      54.467512
      54.741299
      55.007416
      55.278745
      55.551252
      55.813252
      56.092988
      56.370128
      56.642544
      56.924099
      57.177269
      57.445806
      57.708713
      57.979762
      58.246458
      58.520727
      58.789484
      59.071624
      59.348628
      59.629945
      59.912356
      60.185688
      60.458339
      60.732156
      61.005158
      61.282394
      61.563832
      61.823738
      62.096109
      62.364508
      62.639155
      62.917630
      63.191889
      63.463093
      63.728232
      63.999463
      64.281532
      64.560196
      64.836567
      65.123751
      65.399469
      65.687627
      65.990609
      66.262851
      66.548398
      66.832170
      67.112719
      67.409877
      67.690760
      67.993110
      68.289605
      68.571936
      68.854683
      69.137640
      69.421711
      69.710322
      70.014477
      70.316617
      70.601322
      70.915828
      71.209410
      71.494513
      71.781813
      72.085577
      72.369878
      72.663390
      72.939025
      73.234344
      73.532797
      73.819672
      74.109741
      74.405820
      74.710904
      75.002128
      75.309940
      75.606176
      75.918412
      76.210061
      76.516623
      76.830584
      77.136068
      77.451643
      77.753052
      78.045219
      78.362828
      78.666808
      78.973388
      79.273760
      79.570490
      79.889410
      80.190957
      80.495787
      80.808461
      81.120877
      81.458655
      81.760341
      82.083496
      82.398335
      82.707835
      83.046965
      83.369986
      83.698537
      84.032438
      84.366637
      84.690451
      85.021258
      85.343206
      85.666094
      85.977549
      86.306821
      86.654811
      86.982533
      87.281802
      87.608499
      87.933597
      88.258528
      88.591616
      88.935783
      89.291488
      89.640917
      89.965537
      90.299987
      90.641874
      90.985947
      91.318929
      91.671571
      92.046088
      92.375169
      92.732737
      93.106840
      93.466953
      93.836811
      94.180448
      94.531637
      94.895753
      95.241016
      95.603602
      95.972004
      96.326589
      96.697609
      97.061630
      97.427890
      97.795749
      98.172691
      98.544585
      98.910630
      99.292437
      99.672395
      100.04258
      100.41833
      100.77991
      101.15142
      101.55027
      101.95212
      102.34718
      102.70977
      103.10392
      103.48925
      103.89431
      104.28441
      104.67826
      105.09168
      105.49108
      105.88706
      106.27915
      106.67381
      107.09599
      107.52421
      107.93599
      108.35003
      108.75052
      109.14798
      109.56300
      109.98985
      110.37468
      110.79430
      111.21654
      111.65191
      112.08139
      112.51606
      112.98237
      113.43079
      113.87564
      114.31903
      114.75397
      115.17538
      115.62196
      116.08572
      116.51511
      116.95775
      117.39735
      117.85116
      118.31744
      118.78479
      119.25657
      119.72997
      120.20633
      120.65326
      121.10358
      121.58566
      122.06367
      122.52384
      123.02417
      123.51542
      124.01171
      124.52870
      125.02552
      125.51139
      126.01408
      126.53611
      127.01598
      127.52404
      128.03122
      128.53035
      129.06601
      129.57455
      130.11384
      130.64089
      131.17793
      131.72216
      132.26436
      132.79433
      133.33681
      133.88454
      134.44019
      135.02030
      135.56688
      136.16461
      136.75084
      137.34209
      137.92423
      138.51180
      139.14206
      139.69528
      140.29219
      140.89041
      141.48663
      142.08926
      142.68432
      143.31349
      143.95101
      144.55533
      145.19570
      145.85179
      146.45419
      147.09220
      147.74544
      148.39039
      149.04062
      149.72991
      150.40139
      151.09854
      151.80563
      152.53715
      153.23975
      153.94792
      154.67988
      155.38189
      156.10001
      156.83083
      157.59045
      158.32893
      159.09071
      159.81876
      160.59757
      161.36012
      162.12494
      162.94420
      163.75040
      164.55455
      165.42603
      166.26650
      167.10093
      167.95630
      168.81814
      169.73009
      170.62777
      171.55165
      172.42854
      173.37507
      174.33747
      175.27337
      176.26298
      177.20359
      178.17999
      179.23157
      180.21770
      181.25251
      182.28380
      183.33007
      184.41373
      185.49366
      186.56293
      187.69588
      188.89871
      190.06398
      191.26834
      192.41807
      193.59703
      194.85380
      196.07527
      197.37229
      198.72355
      200.03597
      201.36581
      202.74886
      204.19189
      205.56831
      207.02349
      208.56849
      210.17647
      211.81479
      213.46011
      215.10792
      216.72590
      218.37745
      220.13354
      221.98451
      223.94055
      225.85528
      227.72437
      229.72885
      231.94910
      234.22136
      236.48958
      239.05271
      241.50464
      244.08930
      246.70570
      249.66093
      252.73668
      255.72563
      259.14253
      262.51632
      266.10698
      269.93335
      274.29562
      278.82376
      283.57293
      288.73961
      294.47813
      300.73477
      308.27184
      316.76777
      325.91260
      336.63941
      350.31271
      368.76553
      395.37298
      447.86886
