      52.503328
      56.188841
      58.274338
      59.799477
      61.052082
      62.052906
      62.910881
      63.636730
      64.316757
      64.936595
      65.520629
      66.044920
      66.571162
      67.068695
      67.508259
      67.947981
      68.340148
      68.717018
      69.086183
      69.442561
      69.764300
      70.072811
      70.380468
      70.674413
      70.973817
      71.256539
      71.539117
      71.833849
      72.099210
      72.348287
      72.593092
      72.841907
      73.099505
      73.340571
      73.568869
      73.807652
      74.027031
      74.238748
      74.451906
      74.669119
      74.873128
      75.068883
      75.280939
      75.486456
      75.683063
      75.878280
      76.074091
      76.258214
      76.447322
      76.632562
      76.806968
      76.981635
      77.158949
      77.326310
      77.497166
      77.662663
      77.827819
      77.990880
      78.152515
      78.308576
      78.469955
      78.628242
      78.781642
      78.944141
      79.100137
      79.256483
      79.402733
      79.556192
      79.700937
      79.842219
      79.989778
      80.131587
      80.273207
      80.413244
      80.550001
      80.698236
      80.844182
      80.983357
      81.122478
      81.258450
      81.390759
      81.527466
      81.661171
      81.791851
      81.927851
      82.053621
      82.180680
      82.299861
      82.423804
      82.543613
      82.670917
      82.792591
      82.915127
      83.036009
      83.163964
      83.282335
      83.408462
      83.530327
      83.652686
      83.770905
      83.893198
      84.006039
      84.123551
      84.242632
      84.359206
      84.476213
      84.592946
      84.705541
      84.823902
      84.934911
      85.049149
      85.161756
      85.277735
      85.397573
      85.510765
      85.622506
      85.732288
      85.842173
      85.951439
      86.057302
      86.170796
      86.276660
      86.386831
      86.495438
      86.605165
      86.713989
      86.820458
      86.925807
      87.031742
      87.136445
      87.244490
      87.348472
      87.453190
      87.563770
      87.666364
      87.770100
      87.873485
      87.981193
      88.087346
      88.193743
      88.295630
      88.404601
      88.509970
      88.612831
      88.718154
      88.815300
      88.922692
      89.024304
      89.130268
      89.230571
      89.335179
      89.432203
      89.533629
      89.629332
      89.730377
      89.830191
      89.925950
      90.021880
      90.121855
      90.225036
      90.324290
      90.420660
      90.524700
      90.626262
      90.721737
      90.818338
      90.911912
      91.009976
      91.109428
      91.204855
      91.297660
      91.395605
      91.495180
      91.596576
      91.694766
      91.790002
      91.887863
      91.978600
      92.077325
      92.174736
      92.267707
      92.362833
      92.465625
      92.563899
      92.656591
      92.753495
      92.847668
      92.942076
      93.036031
      93.130497
      93.227725
      93.320357
      93.416322
      93.512876
      93.606921
      93.708296
      93.804251
      93.902893
      93.997609
      94.091809
      94.188295
      94.282611
      94.378991
      94.474426
      94.570201
      94.663059
      94.755235
      94.850352
      94.946340
      95.042407
      95.134368
      95.230175
      95.323160
      95.417095
      95.513812
      95.603742
      95.697552
      95.793347
      95.881909
      95.975131
      96.067948
      96.164023
      96.255947
      96.347524
      96.438554
      96.530460
      96.622181
      96.712703
      96.805959
      96.898468
      96.993660
      97.089719
      97.184527
      97.273602
      97.364964
      97.454769
      97.546557
      97.641026
      97.731531
      97.820529
      97.918804
      98.016902
      98.112659
      98.213017
      98.302597
      98.396083
      98.489172
      98.584524
      98.680353
      98.775555
      98.871544
      98.965377
      99.062726
      99.157257
      99.251709
      99.345930
      99.435460
      99.528420
      99.622508
      99.716538
      99.808500
      99.909741
      100.00355
      100.09331
      100.18788
      100.28921
      100.38329
      100.47972
      100.57371
      100.66295
      100.75762
      100.85125
      100.94928
      101.04533
      101.14149
      101.23464
      101.32919
      101.42580
      101.52096
      101.61524
      101.71553
      101.80976
      101.91032
      102.00321
      102.10007
      102.19796
      102.29609
      102.40117
      102.49581
      102.59219
      102.69640
      102.79048
      102.88420
      102.99173
      103.09372
      103.19518
      103.29792
      103.39770
      103.49901
      103.59926
      103.69850
      103.80313
      103.89694
      103.99882
      104.09718
      104.19898
      104.29549
      104.39628
      104.50146
      104.61299
      104.71746
      104.82061
      104.92461
      105.03104
      105.13249
      105.23545
      105.33763
      105.43842
      105.54306
      105.64732
      105.74774
      105.85440
      105.95798
      106.06942
      106.17218
      106.27948
      106.38713
      106.49583
      106.60714
      106.71832
      106.82837
      106.93624
      107.04466
      107.15260
      107.26620
      107.37161
      107.48295
      107.59421
      107.69730
      107.81101
      107.92049
      108.03017
      108.14563
      108.25647
      108.37283
      108.48110
      108.59442
      108.70347
      108.81362
      108.92483
      109.04368
      109.16006
      109.27809
      109.39538
      109.50963
      109.62571
      109.74149
      109.86146
      109.98124
      110.09715
      110.21757
      110.34250
      110.46680
      110.58498
      110.70773
      110.83489
      110.96116
      111.07999
      111.20416
      111.32168
      111.44599
      111.56848
      111.70385
      111.83688
      111.96597
      112.09157
      112.22637
      112.34731
      112.47463
      112.60632
      112.73042
      112.86549
      112.98894
      113.12525
      113.25895
      113.40180
      113.54214
      113.67959
      113.82435
      113.96343
      114.09812
      114.24371
      114.38593
      114.53162
      114.67980
      114.82309
      114.96658
      115.11493
      115.25927
      115.40593
      115.55323
      115.70234
      115.85465
      116.00113
      116.15903
      116.31116
      116.46602
      116.62309
      116.77740
      116.93938
      117.09483
      117.25413
      117.41334
      117.58168
      117.75075
      117.91921
      118.08698
      118.26104
      118.43464
      118.60506
      118.77838
      118.95091
      119.12951
      119.31279
      119.48511
      119.66233
      119.84588
      120.03027
      120.21190
      120.40487
      120.60409
      120.79588
      120.97836
      121.17829
      121.38939
      121.58209
      121.77403
      121.97084
      122.18658
      122.39646
      122.62190
      122.85125
      123.07748
      123.29865
      123.51698
      123.75821
      123.99963
      124.22492
      124.46380
      124.69282
      124.95911
      125.21029
      125.46519
      125.73382
      126.00963
      126.27143
      126.53728
      126.80483
      127.10347
      127.39604
      127.68437
      127.97672
      128.29458
      128.61017
      128.92666
      129.25723
      129.59893
      129.96563
      130.32141
      130.69363
      131.06714
      131.43870
      131.84598
      132.26364
      132.70288
      133.14755
      133.57966
      134.04190
      134.54606
      135.08597
      135.60972
      136.17101
      136.75786
      137.37471
      138.03035
      138.69640
      139.39205
      140.21988
      141.06057
      142.00885
      142.99444
      144.08146
      145.29827
      146.62276
      148.13825
      150.04385
      152.30429
      155.13934
      159.37512
      167.71570
