     0.19533373
     0.38644361
     0.59621023
     0.79842027
      1.0024280
      1.2086431
      1.4153282
      1.6286982
      1.8331699
      2.0470514
      2.2592139
      2.4670663
      2.6813169
      2.8953247
      3.0980664
      3.2950579
      3.5035302
      3.7144192
      3.9281150
      4.1325724
      4.3551627
      4.5654295
      4.7894222
      5.0017047
      5.2057875
      5.4157345
      5.6330026
      5.8564227
      6.0681870
      6.2803096
      6.5035868
      6.7143111
      6.9288479
      7.1422565
      7.3447612
      7.5566269
      7.7783215
      8.0110650
      8.2273034
      8.4420991
      8.6512065
      8.8704396
      9.0990171
      9.3196602
      9.5352705
      9.7532745
      9.9637299
      10.178244
      10.404650
      10.625214
      10.855967
      11.073958
      11.297179
      11.522403
      11.740337
      11.964003
      12.186398
      12.414000
      12.635737
      12.858217
      13.097647
      13.326532
      13.555281
      13.782616
      14.012098
      14.236952
      14.474762
      14.706473
      14.932115
      15.174629
      15.409576
      15.639375
      15.870385
      16.114581
      16.346730
      16.587664
      16.834123
      17.077769
      17.313918
      17.545769
      17.776414
      18.010055
      18.240168
      18.474347
      18.713571
      18.956227
      19.182332
      19.422088
      19.653790
      19.912552
      20.156309
      20.390899
      20.636637
      20.882619
      21.120622
      21.373626
      21.635420
      21.884636
      22.131931
      22.375501
      22.624895
      22.877453
      23.133225
      23.397641
      23.649019
      23.888136
      24.143558
      24.400151
      24.654359
      24.907941
      25.152117
      25.403707
      25.653823
      25.916168
      26.178338
      26.436425
      26.718096
      26.984807
      27.231727
      27.498734
      27.780109
      28.048181
      28.310296
      28.573522
      28.842753
      29.099952
      29.377647
      29.638793
      29.914048
      30.179108
      30.442791
      30.698283
      30.973644
      31.253353
      31.524148
      31.792039
      32.059542
      32.331481
      32.611949
      32.897567
      33.166518
      33.458334
      33.753354
      34.035641
      34.321900
      34.602509
      34.885576
      35.163574
      35.449939
      35.727842
      35.998508
      36.295295
      36.589013
      36.867772
      37.160304
      37.445556
      37.739368
      38.043118
      38.333423
      38.637025
      38.936704
      39.224583
      39.529417
      39.834577
      40.135789
      40.435808
      40.726015
      41.030001
      41.340237
      41.640554
      41.937335
      42.229592
      42.518020
      42.828461
      43.153891
      43.469313
      43.766633
      44.085962
      44.400556
      44.703375
      45.000285
      45.318645
      45.631114
      45.956166
      46.290258
      46.619320
      46.943976
      47.249432
      47.556766
      47.875432
      48.214175
      48.540533
      48.867117
      49.198178
      49.530618
      49.852454
      50.185147
      50.522164
      50.861026
      51.191417
      51.526383
      51.854003
      52.174862
      52.533196
      52.883203
      53.218997
      53.557871
      53.887506
      54.229330
      54.560706
      54.913746
      55.273838
      55.607055
      55.956146
      56.311736
      56.639728
      57.013029
      57.353073
      57.717102
      58.061011
      58.400043
      58.769537
      59.116847
      59.455563
      59.804017
      60.168328
      60.535402
      60.891825
      61.259269
      61.626603
      61.977238
      62.347570
      62.714619
      63.063237
      63.433658
      63.822940
      64.221142
      64.611612
      64.987304
      65.362903
      65.778574
      66.169794
      66.528696
      66.921108
      67.316381
      67.700768
      68.094257
      68.498206
      68.914016
      69.292548
      69.689731
      70.068477
      70.468914
      70.913677
      71.305929
      71.707872
      72.141108
      72.574027
      72.983771
      73.381725
      73.774149
      74.204188
      74.641292
      75.077156
      75.498322
      75.905871
      76.342444
      76.764913
      77.212050
      77.662988
      78.091229
      78.545855
      78.956793
      79.371882
      79.815703
      80.238569
      80.688756
      81.143475
      81.581683
      82.000832
      82.445405
      82.904397
      83.370147
      83.798162
      84.284724
      84.746132
      85.204144
      85.669515
      86.160062
      86.631370
      87.082578
      87.595596
      88.081124
      88.572265
      89.038230
      89.501498
      89.987174
      90.485900
      90.986258
      91.481193
      91.996645
      92.518358
      93.036978
      93.527133
      94.035370
      94.551573
      95.073283
      95.563660
      96.065159
      96.615454
      97.119186
      97.657288
      98.170239
      98.726855
      99.286609
      99.812541
      100.34680
      100.92092
      101.46371
      102.07595
      102.62102
      103.16170
      103.72100
      104.30893
      104.83968
      105.42068
      105.98858
      106.56861
      107.14233
      107.76465
      108.36216
      108.94392
      109.54567
      110.14321
      110.73425
      111.32849
      111.92828
      112.53180
      113.14349
      113.75036
      114.37330
      114.99870
      115.63620
      116.24774
      116.89393
      117.56637
      118.19366
      118.84408
      119.50891
      120.17672
      120.81642
      121.49763
      122.15287
      122.84226
      123.52496
      124.21822
      124.89141
      125.58439
      126.30959
      127.03059
      127.77880
      128.47247
      129.20372
      129.89995
      130.65085
      131.38945
      132.13008
      132.85408
      133.64094
      134.39849
      135.17217
      135.95891
      136.74308
      137.51467
      138.31772
      139.06785
      139.87705
      140.65125
      141.44967
      142.26244
      143.11612
      143.93882
      144.79155
      145.65477
      146.50601
      147.34932
      148.25041
      149.13525
      150.00582
      150.89885
      151.75687
      152.63287
      153.60019
      154.45301
      155.37044
      156.35228
      157.32726
      158.27785
      159.25726
      160.27314
      161.29160
      162.28645
      163.25755
      164.32400
      165.33451
      166.31957
      167.40487
      168.47522
      169.56865
      170.64185
      171.79697
      172.95351
      174.10062
      175.24003
      176.41369
      177.54932
      178.75817
      179.88314
      181.09623
      182.33661
      183.64340
      184.92161
      186.21020
      187.45665
      188.78983
      190.13470
      191.47748
      192.87144
      194.25666
      195.67592
      197.11166
      198.58239
      200.11674
      201.60021
      203.08089
      204.54990
      206.08665
      207.71241
      209.25945
      210.92137
      212.52654
      214.21311
      215.87500
      217.62196
      219.43935
      221.22982
      223.16562
      225.01838
      226.98397
      228.93554
      230.88703
      232.97233
      235.07971
      237.27387
      239.51283
      241.82361
      243.96303
      246.23122
      248.52616
      250.95666
      253.35071
      256.01518
      258.56880
      261.31823
      263.97983
      266.90668
      269.95197
      272.96686
      276.15437
      279.48532
      282.68932
      286.08587
      289.45870
      292.95519
      296.67128
      300.76990
      305.09256
      309.39465
      314.16932
      319.00544
      324.06136
      329.29799
      335.22608
      341.07554
      347.32567
      354.40236
      361.47095
      369.05160
      377.25160
      386.57714
      396.57169
      407.46659
      420.43666
      434.54728
      450.84004
      472.22238
      497.24335
      531.42215
      579.86707
      681.85687
