      13.912420
      16.967973
      18.972572
      20.426413
      21.736725
      22.867046
      23.837511
      24.691706
      25.573345
      26.337974
      27.062999
      27.758924
      28.390727
      29.010758
      29.598192
      30.187246
      30.748197
      31.287945
      31.778436
      32.269778
      32.743500
      33.224288
      33.684592
      34.135958
      34.583615
      35.023751
      35.440822
      35.859960
      36.281871
      36.689926
      37.095872
      37.496749
      37.893186
      38.260338
      38.628999
      39.005667
      39.354036
      39.718587
      40.063685
      40.415412
      40.761730
      41.103283
      41.441264
      41.795438
      42.114911
      42.429941
      42.748203
      43.065477
      43.373983
      43.699265
      44.002142
      44.289048
      44.594056
      44.895560
      45.200480
      45.482280
      45.767298
      46.068643
      46.348307
      46.638841
      46.926856
      47.200313
      47.475082
      47.759418
      48.041992
      48.315516
      48.590862
      48.864627
      49.133398
      49.414203
      49.682797
      49.956532
      50.217891
      50.480203
      50.746347
      51.012336
      51.277630
      51.551351
      51.807033
      52.056635
      52.335394
      52.597440
      52.848444
      53.100115
      53.356342
      53.615051
      53.860061
      54.112503
      54.356695
      54.613480
      54.869537
      55.113599
      55.352152
      55.586220
      55.835135
      56.080096
      56.329010
      56.579467
      56.830921
      57.069471
      57.314911
      57.553702
      57.802257
      58.035084
      58.268250
      58.497857
      58.741183
      58.970019
      59.189408
      59.423821
      59.648278
      59.889720
      60.130086
      60.362695
      60.599040
      60.828975
      61.051010
      61.277199
      61.498410
      61.728975
      61.960534
      62.193968
      62.427564
      62.659277
      62.892986
      63.121811
      63.358922
      63.585491
      63.820208
      64.033845
      64.256590
      64.490898
      64.721993
      64.943654
      65.183788
      65.417289
      65.652891
      65.878869
      66.103807
      66.340273
      66.565356
      66.797628
      67.030838
      67.260778
      67.485023
      67.708242
      67.929608
      68.164112
      68.386455
      68.616103
      68.832081
      69.064162
      69.287993
      69.516032
      69.738406
      69.959034
      70.178858
      70.396714
      70.616692
      70.820685
      71.041150
      71.261121
      71.473644
      71.699019
      71.911282
      72.138338
      72.355015
      72.567167
      72.791030
      73.008245
      73.232940
      73.461994
      73.694058
      73.916415
      74.140217
      74.370230
      74.596682
      74.831768
      75.050164
      75.277919
      75.499585
      75.734727
      75.955725
      76.169554
      76.386856
      76.617736
      76.846757
      77.069874
      77.296832
      77.520338
      77.755979
      77.974903
      78.207354
      78.428191
      78.643463
      78.871541
      79.096990
      79.332338
      79.556103
      79.781412
      80.020304
      80.249245
      80.469958
      80.682710
      80.907431
      81.133839
      81.350022
      81.563116
      81.793964
      82.033582
      82.264227
      82.500786
      82.739721
      82.957579
      83.187233
      83.423488
      83.661548
      83.874569
      84.106337
      84.338491
      84.565714
      84.803673
      85.024197
      85.251290
      85.473664
      85.696351
      85.940502
      86.172187
      86.417603
      86.648730
      86.885195
      87.126196
      87.362166
      87.594614
      87.831312
      88.058078
      88.288509
      88.516636
      88.743464
      88.964660
      89.191176
      89.443051
      89.681817
      89.931475
      90.175372
      90.406792
      90.644560
      90.882397
      91.112200
      91.363780
      91.606540
      91.852971
      92.091696
      92.344150
      92.606494
      92.847479
      93.083873
      93.343699
      93.587052
      93.832893
      94.067365
      94.319130
      94.567561
      94.811370
      95.071802
      95.328076
      95.568271
      95.813898
      96.063079
      96.315907
      96.564662
      96.815277
      97.055341
      97.309156
      97.555672
      97.814959
      98.069658
      98.313412
      98.564919
      98.835417
      99.097064
      99.355706
      99.609153
      99.848377
      100.11003
      100.36041
      100.61821
      100.88067
      101.14989
      101.41301
      101.67375
      101.92303
      102.18684
      102.45644
      102.71693
      102.98754
      103.23948
      103.49391
      103.75432
      104.01433
      104.29984
      104.57420
      104.82980
      105.10276
      105.38108
      105.65898
      105.93998
      106.20318
      106.48325
      106.76275
      107.04739
      107.32709
      107.61748
      107.88667
      108.16256
      108.44151
      108.72001
      109.01790
      109.31968
      109.62379
      109.89854
      110.19911
      110.48324
      110.76571
      111.06517
      111.36761
      111.65772
      111.96876
      112.27134
      112.56442
      112.86358
      113.18037
      113.47621
      113.76870
      114.07078
      114.38704
      114.71115
      115.02332
      115.32775
      115.64288
      115.95569
      116.27222
      116.58391
      116.91493
      117.23537
      117.55069
      117.87439
      118.18681
      118.50401
      118.83671
      119.16814
      119.47816
      119.81176
      120.13301
      120.46688
      120.83492
      121.17753
      121.52103
      121.87782
      122.22317
      122.58358
      122.92270
      123.26288
      123.62777
      123.96743
      124.32649
      124.68590
      125.04868
      125.41802
      125.76877
      126.15069
      126.50784
      126.88874
      127.27290
      127.64045
      128.01165
      128.38338
      128.75386
      129.11959
      129.48046
      129.88611
      130.25647
      130.63660
      131.05698
      131.44953
      131.87264
      132.27155
      132.66277
      133.07223
      133.50731
      133.93262
      134.34561
      134.75199
      135.18557
      135.61290
      136.07469
      136.51937
      136.94836
      137.39797
      137.83637
      138.30793
      138.78463
      139.24838
      139.70912
      140.16564
      140.61478
      141.06225
      141.55009
      142.02740
      142.49899
      143.00940
      143.49934
      144.01706
      144.51941
      145.02881
      145.56071
      146.05915
      146.58221
      147.10980
      147.67690
      148.25195
      148.79926
      149.36275
      149.93881
      150.53801
      151.10555
      151.69459
      152.25159
      152.85881
      153.44701
      154.03269
      154.65157
      155.30279
      155.95889
      156.54642
      157.21586
      157.88904
      158.60010
      159.27853
      159.95407
      160.66296
      161.35121
      162.04286
      162.76425
      163.52632
      164.29449
      165.02496
      165.82819
      166.61954
      167.40154
      168.24803
      169.07848
      169.89079
      170.73714
      171.60620
      172.49169
      173.38572
      174.32648
      175.30640
      176.25503
      177.21696
      178.17830
      179.20759
      180.22206
      181.30886
      182.45732
      183.56960
      184.78713
      186.00314
      187.28814
      188.57000
      189.87986
      191.19314
      192.62944
      194.04020
      195.51013
      197.04872
      198.64080
      200.24097
      202.05333
      203.88642
      205.75649
      207.66437
      209.68083
      211.88110
      214.26741
      216.85355
      219.41533
      222.53601
      225.90510
      229.43942
      233.28096
      237.34052
      242.20396
      247.80011
      254.38383
      262.65754
      272.73431
      288.64343
      317.33979
