1.34649475784585
1.34631478060266
1.34613480377135
1.34635832171609
1.34617834478507
1.3464018628535
1.34622188582276
1.34644540401524
1.34626542688491
1.34648894520068
1.34630896797083
1.34612899115313
1.34635250908144
1.34617253216389
1.34639605021607
1.34621607319891
1.34643959137491
1.34625961425769
1.34648313255691
1.34630315534043
1.34652667376372
1.34634669644796
1.34616671954411
1.34639023757999
1.34621026057601
1.34643377873529
1.34625380163158
1.3464773199142
1.3462973427104
1.34652086111631
1.34634088381282
1.34616090692072
1.34638442493816
1.3462044479462
1.34642796608753
1.34624798899537
1.34647150725994
1.34629153006767
1.34651504845527
1.34633507116321
1.34615509428274
