      1.3857511
      1.7334817
      1.9664607
      2.1698534
      2.3369778
      2.4746957
      2.6070761
      2.7374303
      2.8590039
      2.9721892
      3.0800766
      3.1862644
      3.2872695
      3.3859482
      3.4817129
      3.5790673
      3.6660143
      3.7528202
      3.8369244
      3.9273685
      4.0107314
      4.0972060
      4.1790757
      4.2661564
      4.3453343
      4.4248267
      4.5035700
      4.5826659
      4.6617936
      4.7398464
      4.8178503
      4.8929979
      4.9670085
      5.0411236
      5.1109089
      5.1884271
      5.2603679
      5.3332296
      5.4099066
      5.4839085
      5.5605383
      5.6308924
      5.7046930
      5.7747162
      5.8471387
      5.9225975
      5.9938529
      6.0638064
      6.1393198
      6.2071769
      6.2767385
      6.3480367
      6.4184002
      6.4893129
      6.5625830
      6.6322922
      6.6987557
      6.7709632
      6.8392798
      6.9084822
      6.9780334
      7.0469541
      7.1122313
      7.1794928
      7.2465049
      7.3152457
      7.3834027
      7.4541258
      7.5208707
      7.5925705
      7.6623721
      7.7280570
      7.7980006
      7.8706156
      7.9399860
      8.0067104
      8.0737962
      8.1428097
      8.2132747
      8.2860736
      8.3538935
      8.4258928
      8.4959633
      8.5676450
      8.6356511
      8.7033681
      8.7740093
      8.8407250
      8.9111121
      8.9778207
      9.0483335
      9.1135093
      9.1859509
      9.2566734
      9.3290099
      9.3957228
      9.4661401
      9.5328471
      9.6021953
      9.6741060
      9.7415732
      9.8139737
      9.8814234
      9.9515719
      10.021367
      10.091331
      10.162788
      10.232212
      10.302303
      10.370175
      10.446339
      10.518453
      10.586346
      10.658002
      10.730410
      10.807821
      10.877924
      10.951045
      11.023763
      11.092316
      11.160046
      11.232683
      11.302812
      11.373877
      11.444713
      11.520042
      11.592649
      11.668470
      11.742798
      11.816112
      11.887515
      11.960126
      12.033003
      12.102557
      12.176502
      12.249944
      12.325130
      12.398006
      12.469881
      12.545137
      12.616457
      12.695293
      12.766346
      12.836934
      12.909401
      12.985497
      13.061616
      13.134960
      13.212009
      13.292082
      13.370617
      13.443873
      13.519942
      13.597738
      13.673573
      13.747553
      13.826135
      13.900094
      13.977501
      14.055916
      14.133131
      14.208539
      14.286576
      14.365281
      14.441588
      14.523156
      14.600325
      14.681398
      14.762970
      14.843399
      14.922646
      14.999932
      15.082398
      15.159607
      15.239789
      15.316973
      15.391318
      15.467015
      15.548435
      15.627631
      15.708374
      15.791059
      15.871541
      15.951116
      16.038269
      16.117985
      16.200202
      16.280621
      16.363088
      16.443231
      16.522563
      16.600219
      16.686309
      16.773595
      16.857928
      16.941020
      17.022646
      17.102572
      17.186491
      17.271014
      17.353459
      17.432163
      17.515506
      17.601859
      17.690235
      17.776099
      17.861537
      17.946467
      18.032201
      18.117022
      18.200602
      18.284540
      18.376636
      18.458876
      18.548840
      18.632722
      18.718739
      18.804687
      18.892957
      18.982322
      19.064984
      19.147584
      19.238234
      19.324654
      19.415595
      19.504277
      19.590853
      19.682318
      19.769831
      19.856242
      19.943351
      20.038626
      20.129840
      20.223257
      20.315413
      20.405395
      20.497455
      20.583565
      20.677208
      20.769780
      20.859088
      20.949063
      21.039026
      21.133994
      21.227663
      21.317333
      21.409984
      21.500520
      21.591746
      21.683253
      21.777264
      21.874837
      21.976209
      22.070160
      22.168509
      22.256587
      22.348894
      22.450672
      22.542366
      22.645550
      22.746524
      22.843773
      22.946397
      23.045438
      23.145365
      23.241707
      23.344291
      23.438968
      23.536971
      23.633958
      23.734063
      23.835328
      23.931096
      24.025082
      24.121730
      24.226548
      24.325384
      24.420589
      24.516960
      24.616933
      24.713691
      24.815426
      24.919479
      25.023113
      25.127222
      25.230462
      25.331817
      25.439066
      25.544767
      25.647881
      25.754648
      25.861744
      25.965522
      26.065059
      26.168992
      26.272832
      26.378536
      26.480683
      26.587846
      26.688252
      26.798304
      26.904466
      27.010078
      27.109832
      27.216316
      27.326725
      27.438948
      27.546486
      27.648915
      27.758165
      27.862946
      27.976156
      28.089578
      28.199428
      28.306065
      28.417874
      28.534158
      28.644124
      28.755055
      28.863187
      28.975119
      29.081140
      29.195618
      29.307461
      29.424362
      29.541823
      29.655778
      29.773065
      29.889187
      29.998664
      30.114513
      30.226065
      30.340234
      30.457080
      30.575079
      30.694481
      30.805929
      30.924534
      31.044006
      31.164219
      31.281740
      31.396577
      31.514286
      31.638155
      31.760255
      31.880423
      32.000710
      32.128524
      32.252528
      32.372990
      32.495644
      32.619929
      32.748952
      32.868593
      32.992824
      33.116902
      33.234821
      33.356657
      33.478618
      33.601956
      33.719360
      33.844569
      33.974799
      34.100241
      34.224554
      34.345951
      34.477253
      34.611068
      34.740751
      34.866731
      34.992288
      35.116167
      35.244795
      35.376528
      35.502043
      35.633659
      35.765076
      35.890891
      36.021981
      36.148746
      36.277985
      36.412819
      36.543372
      36.674132
      36.805105
      36.946802
      37.085409
      37.211312
      37.346924
      37.476697
      37.615730
      37.749543
      37.882907
      38.010780
      38.150412
      38.287670
      38.424624
      38.568508
      38.708819
      38.845089
      38.984151
      39.126199
      39.261529
      39.398994
      39.545531
      39.691268
      39.834919
      39.973330
      40.115010
      40.261596
      40.401808
      40.548455
      40.694785
      40.841312
      40.989572
      41.138431
      41.280793
      41.429598
      41.569916
      41.713328
      41.861436
      42.002770
      42.149475
      42.299055
      42.446619
      42.596911
      42.741340
      42.882319
      43.025382
      43.169771
      43.323867
      43.463387
      43.619785
      43.776672
      43.937011
      44.095891
      44.259711
      44.410455
      44.565676
      44.727578
      44.881824
      45.041144
      45.204463
      45.359920
      45.528597
      45.693428
      45.859548
      46.022742
      46.178885
      46.337019
      46.500527
      46.660954
      46.816807
      46.980475
      47.133095
      47.307683
      47.468158
      47.628835
      47.799046
      47.956952
      48.127898
      48.290605
      48.461424
      48.629357
      48.795843
      48.972582
      49.144685
      49.307357
      49.474601
      49.648916
      49.822006
      49.988773
      50.158426
      50.329251
      50.500393
      50.671822
      50.843344
      51.019215
      51.194979
      51.374152
      51.551815
      51.730503
      51.910461
      52.091508
      52.284028
      52.467517
      52.638204
      52.817072
      52.985675
      53.171538
      53.342041
      53.521869
      53.701782
      53.886899
      54.076186
      54.261871
      54.450813
      54.639371
      54.828352
      55.014157
      55.199710
      55.380729
      55.572116
      55.763603
      55.948659
      56.133946
      56.324357
      56.515955
      56.717651
      56.920231
      57.114893
      57.303296
      57.501281
      57.697808
      57.892218
      58.087680
      58.283976
      58.475536
      58.694399
      58.896854
      59.102343
      59.303368
      59.511428
      59.717594
      59.918981
      60.110316
      60.320635
      60.534424
      60.748690
      60.947694
      61.159233
      61.355327
      61.556131
      61.757386
      61.968452
      62.183066
      62.396328
      62.606174
      62.817976
      63.031602
      63.241331
      63.456301
      63.674420
      63.903077
      64.120450
      64.331890
      64.559577
      64.783910
      65.005481
      65.223962
      65.435088
      65.658334
      65.888086
      66.099620
      66.335725
      66.565854
      66.777027
      67.002614
      67.229225
      67.468928
      67.693952
      67.938338
      68.170975
      68.401252
      68.639417
      68.867475
      69.094227
      69.320320
      69.554584
      69.795034
      70.036568
      70.274211
      70.520222
      70.761068
      71.011998
      71.248100
      71.483042
      71.733712
      71.979233
      72.223242
      72.471111
      72.716171
      72.953845
      73.211319
      73.465902
      73.714775
      73.962715
      74.206325
      74.455445
      74.703917
      74.952633
      75.212637
      75.462949
      75.723960
      75.972943
      76.236374
      76.485273
      76.741125
      77.013165
      77.272696
      77.516427
      77.781800
      78.052810
      78.320710
      78.584692
      78.852871
      79.132193
      79.399003
      79.673736
      79.955225
      80.232883
      80.503414
      80.800380
      81.089621
      81.355156
      81.635782
      81.924175
      82.204096
      82.497965
      82.775195
      83.046002
      83.330587
      83.614824
      83.893937
      84.190660
      84.489550
      84.780727
      85.075697
      85.378878
      85.677022
      85.960217
      86.254382
      86.533600
      86.817121
      87.124718
      87.419381
      87.723686
      88.015271
      88.323695
      88.616086
      88.925351
      89.236285
      89.531779
      89.853820
      90.180548
      90.487693
      90.794841
      91.103449
      91.431298
      91.742589
      92.062477
      92.371042
      92.694867
      93.020119
      93.352413
      93.699679
      94.032698
      94.352317
      94.684236
      95.023738
      95.353967
      95.676222
      96.024987
      96.350524
      96.697143
      97.029651
      97.380726
      97.721068
      98.063605
      98.408503
      98.764950
      99.123131
      99.481569
      99.833640
      100.17793
      100.52956
      100.87207
      101.22788
      101.57802
      101.93646
      102.30413
      102.66572
      103.03743
      103.40474
      103.78077
      104.13702
      104.50265
      104.87080
      105.27277
      105.65946
      106.02665
      106.41348
      106.78170
      107.20183
      107.56873
      107.94480
      108.31677
      108.70332
      109.10342
      109.49128
      109.86633
      110.27586
      110.68198
      111.09296
      111.46309
      111.87145
      112.26321
      112.67596
      113.05895
      113.47489
      113.89478
      114.32277
      114.73309
      115.13216
      115.56788
      116.01280
      116.44852
      116.85711
      117.27620
      117.72759
      118.14966
      118.57883
      119.01805
      119.46356
      119.90099
      120.34328
      120.78330
      121.23351
      121.64927
      122.09863
      122.55068
      122.99981
      123.45572
      123.90642
      124.37129
      124.84763
      125.32013
      125.79146
      126.26431
      126.72187
      127.18784
      127.67104
      128.18005
      128.64072
      129.15460
      129.64448
      130.11934
      130.59962
      131.10095
      131.61454
      132.11461
      132.63941
      133.15669
      133.64413
      134.17067
      134.69068
      135.22946
      135.76237
      136.26939
      136.81080
      137.32038
      137.85360
      138.40832
      138.94360
      139.47595
      139.98916
      140.53713
      141.06426
      141.60841
      142.17693
      142.73175
      143.30888
      143.86648
      144.42073
      144.95844
      145.52564
      146.09362
      146.64839
      147.21893
      147.79507
      148.36744
      148.98405
      149.56899
      150.18302
      150.77754
      151.38500
      152.01010
      152.61407
      153.23143
      153.80114
      154.42470
      155.06207
      155.66207
      156.31024
      156.92993
      157.56317
      158.21066
      158.83267
      159.51896
      160.18844
      160.85617
      161.51347
      162.18699
      162.85748
      163.54672
      164.21102
      164.86293
      165.51132
      166.20212
      166.90355
      167.59990
      168.33046
      169.05276
      169.76807
      170.50221
      171.25605
      171.98094
      172.71412
      173.46042
      174.17912
      174.91475
      175.65401
      176.43099
      177.21924
      177.99687
      178.76254
      179.50926
      180.28632
      181.08283
      181.80499
      182.61055
      183.41933
      184.21838
      185.02842
      185.86455
      186.68790
      187.52378
      188.33808
      189.12452
      189.93309
      190.75783
      191.61590
      192.48755
      193.34382
      194.27563
      195.16198
      196.10286
      196.92680
      197.80921
      198.72282
      199.60190
      200.47143
      201.44326
      202.37987
      203.33333
      204.29743
      205.24888
      206.17179
      207.09573
      208.09669
      209.08805
      210.11046
      211.10805
      212.11260
      213.06918
      214.08641
      215.16191
      216.22465
      217.32459
      218.42700
      219.50446
      220.59409
      221.71296
      222.82791
      223.94566
      225.02866
      226.19082
      227.31134
      228.46202
      229.63939
      230.85321
      232.06623
      233.27723
      234.47474
      235.73513
      236.93875
      238.22534
      239.54062
      240.80036
      242.09167
      243.32519
      244.57115
      245.89314
      247.27771
      248.55979
      249.81851
      251.12513
      252.55035
      253.98055
      255.36827
      256.78485
      258.24367
      259.65957
      261.10848
      262.63911
      264.22002
      265.72116
      267.29449
      268.78269
      270.35149
      271.94016
      273.51652
      275.12954
      276.87033
      278.51580
      280.18709
      281.87804
      283.54430
      285.28262
      287.00267
      288.80986
      290.57289
      292.32462
      294.10276
      295.96700
      297.81909
      299.65663
      301.52276
      303.38288
      305.43916
      307.55119
      309.53489
      311.60812
      313.73500
      315.85764
      318.02027
      320.23865
      322.42485
      324.73949
      327.06358
      329.43388
      331.68381
      334.14321
      336.50389
      339.19908
      341.62029
      344.15570
      346.75300
      349.49082
      352.15669
      354.90655
      357.71612
      360.70170
      363.61689
      366.41697
      369.55419
      372.66812
      375.77618
      378.91680
      382.24649
      385.55040
      388.88144
      392.51146
      395.88195
      399.60178
      403.22625
      407.07176
      410.89980
      414.94940
      419.10040
      423.64625
      428.29688
      433.08255
      437.90782
      442.86976
      448.17233
      453.21760
      458.54837
      464.29333
      470.15381
      476.50672
      482.71275
      489.24464
      496.29263
      503.51329
      511.20681
      519.18491
      528.15384
      536.61585
      545.87069
      556.41158
      568.06819
      581.49251
      596.15714
      612.45170
      631.89064
      654.35871
      682.02571
      722.25815
      797.65594
