      2.5965750
      3.2023318
      3.6078308
      3.9338079
      4.2174364
      4.4667790
      4.7017452
      4.9035157
      5.1005973
      5.2756319
      5.4471251
      5.6143455
      5.7690929
      5.9313256
      6.0800136
      6.2294942
      6.3676163
      6.5095743
      6.6420393
      6.7718888
      6.9062118
      7.0362616
      7.1660066
      7.2836723
      7.4099955
      7.5359822
      7.6479925
      7.7615797
      7.8786047
      7.9915804
      8.1060491
      8.2151732
      8.3263215
      8.4269624
      8.5309530
      8.6299554
      8.7318140
      8.8405020
      8.9437118
      9.0516276
      9.1579085
      9.2584270
      9.3633527
      9.4648669
      9.5695397
      9.6616906
      9.7636075
      9.8579456
      9.9590572
      10.051090
      10.150472
      10.242530
      10.341983
      10.439339
      10.532922
      10.624720
      10.720166
      10.810023
      10.902206
      10.993342
      11.084554
      11.180476
      11.274165
      11.366662
      11.463122
      11.554771
      11.645234
      11.735964
      11.828593
      11.912242
      12.001323
      12.090337
      12.181216
      12.268678
      12.361562
      12.449374
      12.539587
      12.625298
      12.709479
      12.798410
      12.886962
      12.981769
      13.071040
      13.161541
      13.248127
      13.336063
      13.425352
      13.514588
      13.602935
      13.692795
      13.783589
      13.868075
      13.954352
      14.038964
      14.125242
      14.214248
      14.300250
      14.384018
      14.471660
      14.554509
      14.648667
      14.736336
      14.822484
      14.908403
      14.998415
      15.084717
      15.168648
      15.251108
      15.338734
      15.428251
      15.516241
      15.603275
      15.694531
      15.778866
      15.864846
      15.952772
      16.038679
      16.124887
      16.211077
      16.297930
      16.381965
      16.466456
      16.553105
      16.638576
      16.722514
      16.808979
      16.893350
      16.981619
      17.065654
      17.149644
      17.231151
      17.318035
      17.400360
      17.481949
      17.566350
      17.650468
      17.745572
      17.836003
      17.925077
      18.012209
      18.100435
      18.185545
      18.273626
      18.355766
      18.443446
      18.532957
      18.622378
      18.708000
      18.794786
      18.885641
      18.976270
      19.070761
      19.162182
      19.247159
      19.334374
      19.423405
      19.511078
      19.599698
      19.691127
      19.781275
      19.872353
      19.959611
      20.050248
      20.140446
      20.227796
      20.315406
      20.404321
      20.494829
      20.583143
      20.674353
      20.762525
      20.849002
      20.935143
      21.024514
      21.113722
      21.207869
      21.293233
      21.384607
      21.473751
      21.561840
      21.650491
      21.739420
      21.829003
      21.929857
      22.019580
      22.113198
      22.199263
      22.287392
      22.378726
      22.468263
      22.561025
      22.652684
      22.745019
      22.832925
      22.925959
      23.019997
      23.115899
      23.209200
      23.300675
      23.387329
      23.479028
      23.574386
      23.666744
      23.761165
      23.856705
      23.955105
      24.050147
      24.142141
      24.235916
      24.330607
      24.420380
      24.512855
      24.606802
      24.700276
      24.787783
      24.881551
      24.973162
      25.064514
      25.162576
      25.251700
      25.346738
      25.443737
      25.543031
      25.642384
      25.738627
      25.839430
      25.936008
      26.032375
      26.127232
      26.222995
      26.317024
      26.416836
      26.510953
      26.608361
      26.700926
      26.799641
      26.898798
      26.997058
      27.092179
      27.188899
      27.288666
      27.385295
      27.485627
      27.583783
      27.682477
      27.777605
      27.870786
      27.965421
      28.063696
      28.160848
      28.270906
      28.372950
      28.477233
      28.577149
      28.680121
      28.776232
      28.880456
      28.984025
      29.080861
      29.177128
      29.276378
      29.378001
      29.478656
      29.577686
      29.675916
      29.775786
      29.874823
      29.978092
      30.081837
      30.181798
      30.284866
      30.387558
      30.491064
      30.595461
      30.700064
      30.802407
      30.905440
      31.007528
      31.113250
      31.221332
      31.328506
      31.425412
      31.537919
      31.638495
      31.737068
      31.843804
      31.949569
      32.057958
      32.163659
      32.270089
      32.374445
      32.481228
      32.583823
      32.691620
      32.798057
      32.907527
      33.012358
      33.126164
      33.236658
      33.344463
      33.453388
      33.560922
      33.673988
      33.786417
      33.892574
      34.005597
      34.117915
      34.224752
      34.334584
      34.447372
      34.562463
      34.674303
      34.789742
      34.893565
      35.004399
      35.114168
      35.222517
      35.328084
      35.440511
      35.550811
      35.666723
      35.771371
      35.886731
      36.003798
      36.115483
      36.230708
      36.348002
      36.459583
      36.566697
      36.675018
      36.785123
      36.898768
      37.016876
      37.127900
      37.241238
      37.356061
      37.475559
      37.590348
      37.709400
      37.819992
      37.941981
      38.059228
      38.178048
      38.297072
      38.412675
      38.533797
      38.652175
      38.779907
      38.894588
      39.020282
      39.144022
      39.270947
      39.393486
      39.508227
      39.625152
      39.749040
      39.871046
      39.995321
      40.125882
      40.249158
      40.369283
      40.493822
      40.615428
      40.730464
      40.852301
      40.973533
      41.095991
      41.224205
      41.349540
      41.476577
      41.599767
      41.726840
      41.853116
      41.975699
      42.109726
      42.230900
      42.361777
      42.489888
      42.621532
      42.752656
      42.884939
      43.011610
      43.146678
      43.272656
      43.402517
      43.535982
      43.666025
      43.794631
      43.927795
      44.058142
      44.185996
      44.317311
      44.447252
      44.576738
      44.706973
      44.837190
      44.967513
      45.100602
      45.234916
      45.365335
      45.507111
      45.644967
      45.783350
      45.916428
      46.047011
      46.182593
      46.315366
      46.453289
      46.591175
      46.728290
      46.864252
      47.001391
      47.138043
      47.269047
      47.408242
      47.547075
      47.690490
      47.822628
      47.964637
      48.107423
      48.248490
      48.383723
      48.529848
      48.674012
      48.813837
      48.961542
      49.100136
      49.237820
      49.385414
      49.540818
      49.690341
      49.834190
      49.985154
      50.125616
      50.271401
      50.414779
      50.565612
      50.715409
      50.860325
      50.997561
      51.143678
      51.287951
      51.433761
      51.573117
      51.729769
      51.870105
      52.023217
      52.174965
      52.341768
      52.487203
      52.640455
      52.794905
      52.948194
      53.094034
      53.238746
      53.386394
      53.542528
      53.705976
      53.855786
      54.018589
      54.186328
      54.335321
      54.495302
      54.644189
      54.791504
      54.944848
      55.100345
      55.262107
      55.421656
      55.585501
      55.754626
      55.908120
      56.063821
      56.231964
      56.398961
      56.561237
      56.720989
      56.891635
      57.053272
      57.211773
      57.374340
      57.531953
      57.693375
      57.857398
      58.026026
      58.187782
      58.354127
      58.532874
      58.694633
      58.859232
      59.021737
      59.190482
      59.365976
      59.538759
      59.706988
      59.884860
      60.060864
      60.223761
      60.404545
      60.582322
      60.753039
      60.937287
      61.109841
      61.283139
      61.460637
      61.636714
      61.810099
      61.993364
      62.171273
      62.345455
      62.525175
      62.712569
      62.891502
      63.071016
      63.260143
      63.435300
      63.614891
      63.806337
      63.993351
      64.180167
      64.372508
      64.554148
      64.737045
      64.927565
      65.121397
      65.325623
      65.514863
      65.694531
      65.882325
      66.073373
      66.270734
      66.458181
      66.651596
      66.847156
      67.046752
      67.248032
      67.452327
      67.652868
      67.845733
      68.035074
      68.235109
      68.427885
      68.628542
      68.830549
      69.034396
      69.230323
      69.433751
      69.625524
      69.818586
      70.026675
      70.232538
      70.436864
      70.639127
      70.825895
      71.025425
      71.222477
      71.424761
      71.618794
      71.833988
      72.037046
      72.245085
      72.460366
      72.675167
      72.876569
      73.072206
      73.286936
      73.500151
      73.717102
      73.932129
      74.154339
      74.362800
      74.582403
      74.801384
      75.011978
      75.225753
      75.442889
      75.661535
      75.884607
      76.099149
      76.316595
      76.535879
      76.755928
      76.969091
      77.192534
      77.428154
      77.655812
      77.877086
      78.097725
      78.325596
      78.563091
      78.789367
      79.026937
      79.255859
      79.493209
      79.735940
      79.970414
      80.204878
      80.437665
      80.671586
      80.909314
      81.139723
      81.379581
      81.622883
      81.862926
      82.096423
      82.334082
      82.581425
      82.821103
      83.054851
      83.304353
      83.550437
      83.786055
      84.030572
      84.277801
      84.533527
      84.774799
      85.032000
      85.293356
      85.551472
      85.792972
      86.059035
      86.304406
      86.562394
      86.830019
      87.084593
      87.327376
      87.592154
      87.859719
      88.120074
      88.392976
      88.649661
      88.923875
      89.204635
      89.483705
      89.735968
      89.993993
      90.269295
      90.542635
      90.813838
      91.088669
      91.358801
      91.632149
      91.931319
      92.220996
      92.506466
      92.801145
      93.081056
      93.366940
      93.653771
      93.939539
      94.220753
      94.545394
      94.831484
      95.124493
      95.411813
      95.688205
      95.982971
      96.286373
      96.580693
      96.881935
      97.187131
      97.481344
      97.786420
      98.103479
      98.415001
      98.717387
      99.020750
      99.316364
      99.645045
      99.951077
      100.24962
      100.56616
      100.87556
      101.17083
      101.49028
      101.81236
      102.12316
      102.44019
      102.78150
      103.10061
      103.42245
      103.74256
      104.05322
      104.37659
      104.70251
      105.02261
      105.35002
      105.69750
      106.04860
      106.39110
      106.73068
      107.05858
      107.39352
      107.73751
      108.05766
      108.40528
      108.73990
      109.07268
      109.42524
      109.76156
      110.10008
      110.44336
      110.80076
      111.15740
      111.50616
      111.85777
      112.23620
      112.58752
      112.92763
      113.28002
      113.63862
      114.00048
      114.37917
      114.74592
      115.11650
      115.48908
      115.86810
      116.24023
      116.62732
      117.01042
      117.38271
      117.76554
      118.17463
      118.57689
      118.99984
      119.41447
      119.81487
      120.22067
      120.60699
      121.00489
      121.40705
      121.79759
      122.19493
      122.61252
      123.00639
      123.41282
      123.82983
      124.24658
      124.66068
      125.06992
      125.51261
      125.92957
      126.36393
      126.80392
      127.25179
      127.68451
      128.13511
      128.53536
      128.98187
      129.44885
      129.89850
      130.35420
      130.81972
      131.28053
      131.72100
      132.16146
      132.61043
      133.09543
      133.55112
      133.98382
      134.43397
      134.90376
      135.35343
      135.83131
      136.29072
      136.76649
      137.24756
      137.74827
      138.22221
      138.69424
      139.15740
      139.67067
      140.16691
      140.67736
      141.19372
      141.71668
      142.22158
      142.70818
      143.22679
      143.77120
      144.28946
      144.81800
      145.34445
      145.85622
      146.38525
      146.91790
      147.46674
      148.03371
      148.62564
      149.15544
      149.68856
      150.23191
      150.81257
      151.36506
      151.92108
      152.48998
      153.06230
      153.62735
      154.19100
      154.76718
      155.35838
      155.94796
      156.54291
      157.15936
      157.75980
      158.35599
      158.99133
      159.62951
      160.21584
      160.84490
      161.46633
      162.09730
      162.68473
      163.29573
      163.92733
      164.58888
      165.23803
      165.87828
      166.54956
      167.22589
      167.87030
      168.52323
      169.22323
      169.87942
      170.58849
      171.26966
      171.97194
      172.64111
      173.34936
      174.07282
      174.80971
      175.50456
      176.20882
      176.95740
      177.67843
      178.39477
      179.13719
      179.88769
      180.61510
      181.38996
      182.10994
      182.87891
      183.65506
      184.40830
      185.13418
      185.88593
      186.64726
      187.42922
      188.21257
      189.04115
      189.86266
      190.67973
      191.50249
      192.36066
      193.22575
      194.06746
      194.89407
      195.80266
      196.68115
      197.55977
      198.44742
      199.31826
      200.23108
      201.17569
      202.10717
      203.03380
      203.97216
      204.91786
      205.83892
      206.83106
      207.79007
      208.70040
      209.68415
      210.68261
      211.70412
      212.69422
      213.73717
      214.81879
      215.87641
      216.88160
      217.93550
      219.02398
      220.09340
      221.16009
      222.24767
      223.40449
      224.56950
      225.63704
      226.81231
      227.94949
      229.09660
      230.24492
      231.42477
      232.66880
      233.84050
      235.10266
      236.29213
      237.53939
      238.81804
      240.12152
      241.42570
      242.61809
      243.95016
      245.24844
      246.61364
      247.94408
      249.30391
      250.67901
      252.09464
      253.60271
      254.99118
      256.45357
      257.90959
      259.44457
      260.95617
      262.49798
      264.09247
      265.70927
      267.29991
      268.90684
      270.52845
      272.22414
      273.83149
      275.57685
      277.24389
      278.95152
      280.76431
      282.62023
      284.51683
      286.30333
      288.12759
      290.08663
      291.98745
      293.89020
      295.93178
      298.01062
      299.93213
      301.88218
      303.92934
      305.96138
      308.22996
      310.42357
      312.67862
      314.96576
      317.31497
      319.66724
      322.03749
      324.50956
      326.90887
      329.34358
      331.85304
      334.47763
      337.24594
      340.12897
      342.98671
      345.97111
      348.90196
      351.90667
      354.89911
      358.12665
      361.42627
      364.75337
      368.09861
      371.42844
      375.06450
      378.66350
      382.52185
      386.08055
      390.09877
      394.16923
      398.30251
      402.43854
      407.05560
      411.48925
      415.96220
      420.80959
      425.69112
      430.73242
      436.17698
      442.08132
      447.71644
      454.14595
      460.56310
      467.60713
      474.81448
      481.91509
      489.97694
      498.58776
      507.45280
      517.11626
      527.63471
      538.83845
      551.75247
      565.91181
      582.15032
      600.23643
      621.61021
      650.10327
      689.09895
      761.06829
