     0.18766856
     0.23412648
     0.26292312
     0.28682605
     0.30603186
     0.32381050
     0.33935973
     0.35367811
     0.36713447
     0.37975194
     0.39158548
     0.40336928
     0.41491431
     0.42583963
     0.43574166
     0.44513435
     0.45531307
     0.46476962
     0.47345242
     0.48242458
     0.49140852
     0.49981569
     0.50790098
     0.51616538
     0.52426275
     0.53241894
     0.53998177
     0.54796261
     0.55574376
     0.56356940
     0.57103053
     0.57874697
     0.58601755
     0.59320364
     0.60004085
     0.60725863
     0.61411361
     0.62123044
     0.62825758
     0.63526239
     0.64191362
     0.64839995
     0.65520149
     0.66174402
     0.66876166
     0.67565605
     0.68201854
     0.68883462
     0.69535671
     0.70197057
     0.70889117
     0.71509855
     0.72172313
     0.72775001
     0.73438200
     0.74062916
     0.74708237
     0.75322287
     0.75955303
     0.76605313
     0.77254416
     0.77896765
     0.78520763
     0.79147821
     0.79766966
     0.80433486
     0.81070774
     0.81694548
     0.82321600
     0.82958826
     0.83579469
     0.84202171
     0.84829613
     0.85439317
     0.86048412
     0.86680598
     0.87305093
     0.87959092
     0.88574204
     0.89207439
     0.89852112
     0.90496038
     0.91134137
     0.91801932
     0.92467530
     0.93105650
     0.93800554
     0.94464466
     0.95139822
     0.95754707
     0.96386813
     0.96993281
     0.97651446
     0.98300617
     0.98958585
     0.99639676
      1.0032043
      1.0100334
      1.0168735
      1.0237639
      1.0303853
      1.0368698
      1.0432425
      1.0501514
      1.0568708
      1.0633437
      1.0701595
      1.0771835
      1.0840627
      1.0906984
      1.0979199
      1.1050103
      1.1122382
      1.1191657
      1.1263556
      1.1332222
      1.1406325
      1.1480591
      1.1555040
      1.1629602
      1.1700608
      1.1774392
      1.1846971
      1.1922182
      1.1994236
      1.2069986
      1.2144809
      1.2224040
      1.2299886
      1.2377249
      1.2458157
      1.2541258
      1.2620622
      1.2700919
      1.2782439
      1.2860808
      1.2941034
      1.3022698
      1.3105512
      1.3188873
      1.3268164
      1.3357287
      1.3446055
      1.3524769
      1.3608480
      1.3696848
      1.3782956
      1.3872378
      1.3964243
      1.4052559
      1.4144376
      1.4231810
      1.4327016
      1.4422579
      1.4511918
      1.4610412
      1.4710145
      1.4804352
      1.4902462
      1.5000674
      1.5094588
      1.5192840
      1.5285467
      1.5385029
      1.5487151
      1.5593461
      1.5697028
      1.5808703
      1.5913879
      1.6028961
      1.6142451
      1.6250626
      1.6360623
      1.6469631
      1.6582163
      1.6695424
      1.6814552
      1.6924655
      1.7032903
      1.7155555
      1.7271359
      1.7397752
      1.7519417
      1.7640129
      1.7766181
      1.7897579
      1.8025504
      1.8152606
      1.8287256
      1.8410992
      1.8534385
      1.8672432
      1.8806122
      1.8943493
      1.9086411
      1.9220096
      1.9364576
      1.9510547
      1.9650541
      1.9789903
      1.9942262
      2.0098066
      2.0244129
      2.0391750
      2.0553355
      2.0706929
      2.0858434
      2.1035499
      2.1200384
      2.1366091
      2.1537241
      2.1702892
      2.1870383
      2.2032060
      2.2211751
      2.2383975
      2.2566858
      2.2746659
      2.2934116
      2.3113489
      2.3293296
      2.3484736
      2.3665244
      2.3850371
      2.4038692
      2.4249235
      2.4446125
      2.4647917
      2.4855468
      2.5058206
      2.5262533
      2.5477408
      2.5711512
      2.5924628
      2.6140848
      2.6358056
      2.6576002
      2.6797924
      2.7030995
      2.7254610
      2.7495143
      2.7726413
      2.7973132
      2.8234232
      2.8460408
      2.8710450
      2.8956994
      2.9208360
      2.9467315
      2.9725904
      2.9990392
      3.0253617
      3.0515489
      3.0797512
      3.1071634
      3.1349545
      3.1638929
      3.1933319
      3.2222328
      3.2519947
      3.2808571
      3.3103788
      3.3409746
      3.3714371
      3.4020402
      3.4325547
      3.4643645
      3.4969565
      3.5307681
      3.5641012
      3.5992098
      3.6328611
      3.6669939
      3.7001528
      3.7357247
      3.7717181
      3.8063352
      3.8444932
      3.8841448
      3.9219385
      3.9581101
      3.9977533
      4.0375789
      4.0783691
      4.1192601
      4.1616277
      4.2009985
      4.2415131
      4.2825313
      4.3231102
      4.3639471
      4.4065154
      4.4501760
      4.4935643
      4.5371586
      4.5832979
      4.6276501
      4.6753515
      4.7235410
      4.7696187
      4.8194426
      4.8669357
      4.9162946
      4.9649806
      5.0134460
      5.0627046
      5.1143648
      5.1661021
      5.2219428
      5.2769280
      5.3303438
      5.3854360
      5.4416625
      5.4984775
      5.5538765
      5.6123694
      5.6709669
      5.7271189
      5.7864426
      5.8471992
      5.9096488
      5.9714999
      6.0329732
      6.0928256
      6.1586248
      6.2222883
      6.2829438
      6.3483958
      6.4142626
      6.4833026
      6.5536480
      6.6213204
      6.6900212
      6.7625239
      6.8326050
      6.9034364
      6.9738234
      7.0488413
      7.1232287
      7.2007564
      7.2741281
      7.3491088
      7.4260996
      7.5025790
      7.5839041
      7.6627959
      7.7391594
      7.8148972
      7.8962848
      7.9775856
      8.0611768
      8.1423546
      8.2241093
      8.3049693
      8.3929456
      8.4829734
      8.5725300
      8.6627681
      8.7543963
      8.8437074
      8.9354976
      9.0278853
      9.1162920
      9.2100879
      9.3099726
      9.4027928
      9.4961453
      9.5971969
      9.7000643
      9.8018627
      9.9021516
      10.003068
      10.108089
      10.211094
      10.314023
      10.417090
      10.520082
      10.625496
      10.732298
      10.843354
      10.950155
      11.059830
      11.171071
      11.282637
      11.394793
      11.507189
      11.624190
      11.736036
      11.858011
      11.977102
      12.091446
      12.208150
      12.336719
      12.459317
      12.582116
      12.708429
      12.831602
      12.963438
      13.092203
      13.224402
      13.354293
      13.479015
      13.612561
      13.738640
      13.873877
      14.009388
      14.152811
      14.294213
      14.426420
      14.568279
      14.702742
      14.843460
      14.988732
      15.137031
      15.276163
      15.425155
      15.577289
      15.718695
      15.864889
      16.009108
      16.162919
      16.304933
      16.464132
      16.613201
      16.775908
      16.931155
      17.087800
      17.250500
      17.405889
      17.562166
      17.729244
      17.887852
      18.047182
      18.214931
      18.372188
      18.543148
      18.713488
      18.882081
      19.040685
      19.208792
      19.383038
      19.565652
      19.730115
      19.905161
      20.093111
      20.271699
      20.443322
      20.618967
      20.805205
      20.982799
      21.168091
      21.357869
      21.534198
      21.729091
      21.912127
      22.104937
      22.308479
      22.503730
      22.696695
      22.892672
      23.093566
      23.286358
      23.483108
      23.688389
      23.893104
      24.092299
      24.306577
      24.509785
      24.716935
      24.935699
      25.157761
      25.357129
      25.569814
      25.771606
      25.990668
      26.209379
      26.430962
      26.655651
      26.887865
      27.105271
      27.327940
      27.546717
      27.768174
      27.992551
      28.222318
      28.452733
      28.679489
      28.906234
      29.148084
      29.379920
      29.609471
      29.850071
      30.089534
      30.312015
      30.557135
      30.797704
      31.041075
      31.275334
      31.529072
      31.771986
      32.028670
      32.271291
      32.530225
      32.794300
      33.052497
      33.315580
      33.576149
      33.828571
      34.093344
      34.351639
      34.602573
      34.861848
      35.121370
      35.380336
      35.631205
      35.903302
      36.164161
      36.433941
      36.705816
      36.978439
      37.251059
      37.539741
      37.809214
      38.082279
      38.357089
      38.638603
      38.927077
      39.197523
      39.481285
      39.770365
      40.057421
      40.342786
      40.621263
      40.921334
      41.216201
      41.522934
      41.840888
      42.139518
      42.433530
      42.740305
      43.033802
      43.340430
      43.642618
      43.940397
      44.259073
      44.575266
      44.895869
      45.218668
      45.533673
      45.837106
      46.179250
      46.494769
      46.804612
      47.130104
      47.457559
      47.776649
      48.095066
      48.431782
      48.764710
      49.117011
      49.452842
      49.772993
      50.098908
      50.441012
      50.792966
      51.130570
      51.469548
      51.833366
      52.187475
      52.530212
      52.886805
      53.232193
      53.585727
      53.952865
      54.303587
      54.666966
      55.016104
      55.392980
      55.743245
      56.118038
      56.504756
      56.861378
      57.218053
      57.581820
      57.928236
      58.284931
      58.661141
      59.027013
      59.417724
      59.787664
      60.183013
      60.569856
      60.953667
      61.355983
      61.741897
      62.142177
      62.520007
      62.921470
      63.321271
      63.719605
      64.154614
      64.535752
      64.936923
      65.348733
      65.764207
      66.171406
      66.601462
      67.007618
      67.425895
      67.851441
      68.263398
      68.687447
      69.105043
      69.522750
      69.933234
      70.358942
      70.786370
      71.199635
      71.619814
      72.046009
      72.480081
      72.925699
      73.367688
      73.790194
      74.222963
      74.665718
      75.126676
      75.571319
      76.016459
      76.460070
      76.912437
      77.357075
      77.834922
      78.287179
      78.737959
      79.200071
      79.658556
      80.112745
      80.580237
      81.053717
      81.531059
      82.002832
      82.483318
      82.973872
      83.464176
      83.932815
      84.410051
      84.884083
      85.369447
      85.878449
      86.356971
      86.857439
      87.363695
      87.845354
      88.350579
      88.863420
      89.357168
      89.891611
      90.410101
      90.925485
      91.400441
      91.937938
      92.462320
      92.976882
      93.514618
      94.060415
      94.573520
      95.091972
      95.598712
      96.114613
      96.663320
      97.195636
      97.731543
      98.268677
      98.798089
      99.336438
      99.865366
      100.43578
      100.96070
      101.51196
      102.12377
      102.68025
      103.24090
      103.85817
      104.41604
      104.99491
      105.59858
      106.15608
      106.75544
      107.35828
      107.95892
      108.54112
      109.13036
      109.73193
      110.31821
      110.96524
      111.54233
      112.13669
      112.73771
      113.30543
      113.91273
      114.53640
      115.16075
      115.78391
      116.41937
      117.03895
      117.62632
      118.27606
      118.93423
      119.58322
      120.24072
      120.83914
      121.47506
      122.14014
      122.76777
      123.41144
      124.07308
      124.73159
      125.38800
      126.05567
      126.72311
      127.37826
      128.07740
      128.72824
      129.35644
      130.03021
      130.70933
      131.39247
      132.07427
      132.76067
      133.46973
      134.17128
      134.84141
      135.53283
      136.24532
      136.96572
      137.67657
      138.39666
      139.10894
      139.80210
      140.51139
      141.27232
      142.03193
      142.75021
      143.47503
      144.21251
      144.97006
      145.73395
      146.46862
      147.22969
      147.97794
      148.68874
      149.45028
      150.21767
      150.97580
      151.76112
      152.55004
      153.33859
      154.15320
      154.93521
      155.67231
      156.42973
      157.25078
      158.08262
      158.87725
      159.67235
      160.49038
      161.29375
      162.07549
      162.91107
      163.73518
      164.56021
      165.38390
      166.22514
      167.08538
      167.92166
      168.77762
      169.60748
      170.47778
      171.32063
      172.18483
      173.04438
      173.90800
      174.83459
      175.73327
      176.62150
      177.53441
      178.41735
      179.33693
      180.22329
      181.09002
      182.05680
      182.96629
      183.85311
      184.78031
      185.76190
      186.69975
      187.60616
      188.53913
      189.48452
      190.43050
      191.36503
      192.31245
      193.23223
      194.26852
      195.25249
      196.24823
      197.24497
      198.24649
      199.23261
      200.20190
      201.22997
      202.22085
      203.23366
      204.25148
      205.23260
      206.29180
      207.32898
      208.36471
      209.30135
      210.33117
      211.37353
      212.42514
      213.49256
      214.59516
      215.70637
      216.77196
      217.84803
      218.89290
      220.04270
      221.15530
      222.27051
      223.34095
      224.50089
      225.63524
      226.84537
      227.96193
      229.11770
      230.23969
      231.33765
      232.49736
      233.67477
      234.85274
      236.04287
      237.18774
      238.39627
      239.59472
      240.84789
      242.11199
      243.35056
      244.62992
      245.90707
      247.15688
      248.47609
      249.73996
      250.95725
      252.23047
      253.53647
      254.72383
      255.93925
      257.20741
      258.47915
      259.80425
      261.11848
      262.40776
      263.68067
      264.96747
      266.33784
      267.74298
      269.10284
      270.45185
      271.85564
      273.24084
      274.54731
      275.94260
      277.38988
      278.77055
      280.17216
      281.63090
      283.14913
      284.54231
      286.02242
      287.45337
      288.91910
      290.35043
      291.85481
      293.27192
      294.81402
      296.29726
      297.82318
      299.42896
      300.91817
      302.43945
      304.03622
      305.65318
      307.24561
      308.89133
      310.53705
      312.15767
      313.67892
      315.25534
      316.87755
      318.44014
      320.12532
      321.88858
      323.69310
      325.34465
      327.04510
      328.80750
      330.65518
      332.48711
      334.22186
      336.05974
      337.88435
      339.73015
      341.64156
      343.53763
      345.44569
      347.33399
      349.29771
      351.17315
      353.10745
      355.04779
      356.95338
      358.88679
      360.92153
      362.87081
      364.86889
      366.94157
      368.92410
      371.04625
      373.08393
      375.23096
      377.33241
      379.42208
      381.57125
      383.61841
      385.91158
      388.06253
      390.23704
      392.46927
      394.79914
      397.14245
      399.50207
      401.84817
      404.38836
      406.83153
      409.32996
      411.76204
      414.23298
      416.81718
      419.35786
      422.00252
      424.52311
      427.17476
      429.91762
      432.51769
      435.24316
      437.97577
      440.80186
      443.79672
      446.63327
      449.64399
      452.64575
      455.58398
      458.69212
      461.69724
      464.87036
      468.22275
      471.53919
      474.95521
      478.47163
      482.02958
      485.62303
      489.35284
      493.25434
      497.14468
      501.12853
      505.39526
      509.43122
      513.87374
      518.64417
      523.46687
      528.61869
      533.67482
      539.13354
      545.17802
      551.22931
      557.75524
      564.72650
      572.08928
      580.51830
      589.65648
      599.80068
      611.66490
      625.53837
      642.27347
      663.31533
      692.04775
      748.77475
