   0.0014935256
   0.0029484560
   0.0045584814
   0.0060380182
   0.0075175606
   0.0090706056
    0.010689287
    0.012163012
    0.013705282
    0.015264742
    0.016802744
    0.018346235
    0.019985526
    0.021579493
    0.023122652
    0.024758745
    0.026347699
    0.028016487
    0.029525485
    0.031182850
    0.032728708
    0.034288593
    0.035900866
    0.037582045
    0.039127173
    0.040717928
    0.042360241
    0.044070799
    0.045674431
    0.047350574
    0.048992149
    0.050559659
    0.052224404
    0.053870419
    0.055564787
    0.057190989
    0.058851003
    0.060625817
    0.062362379
    0.064113204
    0.065830577
    0.067576856
    0.069213908
    0.070969890
    0.072759733
    0.074444127
    0.076113109
    0.077861616
    0.079579950
    0.081270984
    0.083019469
    0.084780097
    0.086539824
    0.088229717
    0.090072065
    0.092014252
    0.093826098
    0.095707400
    0.097491043
    0.099353398
     0.10124602
     0.10308989
     0.10483091
     0.10659302
     0.10851090
     0.11032166
     0.11226960
     0.11421234
     0.11604566
     0.11781368
     0.11969484
     0.12156324
     0.12338496
     0.12516186
     0.12703227
     0.12888332
     0.13080644
     0.13265512
     0.13461959
     0.13656549
     0.13850895
     0.14045890
     0.14246556
     0.14440925
     0.14636087
     0.14841419
     0.15040564
     0.15231608
     0.15428792
     0.15632186
     0.15827361
     0.16035279
     0.16240617
     0.16432153
     0.16636630
     0.16860018
     0.17062854
     0.17269083
     0.17467661
     0.17677421
     0.17884662
     0.18102187
     0.18305355
     0.18525965
     0.18729018
     0.18943538
     0.19148404
     0.19376899
     0.19589902
     0.19787332
     0.20027745
     0.20246556
     0.20472861
     0.20701255
     0.20913728
     0.21141247
     0.21373205
     0.21591305
     0.21823714
     0.22041418
     0.22270309
     0.22491889
     0.22725075
     0.22963143
     0.23180184
     0.23410792
     0.23646793
     0.23878453
     0.24112403
     0.24339890
     0.24573373
     0.24814891
     0.25056986
     0.25296439
     0.25534118
     0.25775686
     0.26014510
     0.26266320
     0.26506951
     0.26752322
     0.26990853
     0.27247340
     0.27500361
     0.27750316
     0.27996428
     0.28248903
     0.28497865
     0.28754424
     0.29003438
     0.29267241
     0.29509989
     0.29772919
     0.30031510
     0.30293270
     0.30555317
     0.30813717
     0.31085765
     0.31345548
     0.31610623
     0.31891164
     0.32163701
     0.32432754
     0.32697057
     0.32979556
     0.33257081
     0.33525798
     0.33803031
     0.34094465
     0.34366648
     0.34639514
     0.34926332
     0.35200751
     0.35475643
     0.35773677
     0.36052766
     0.36343045
     0.36632614
     0.36937723
     0.37217711
     0.37493286
     0.37796463
     0.38092344
     0.38405631
     0.38711778
     0.39008820
     0.39326319
     0.39638400
     0.39947511
     0.40258923
     0.40563839
     0.40873961
     0.41177253
     0.41498181
     0.41833942
     0.42139739
     0.42470965
     0.42795881
     0.43131113
     0.43442698
     0.43739846
     0.44060923
     0.44372059
     0.44713027
     0.45051487
     0.45395573
     0.45729269
     0.46082808
     0.46433731
     0.46792347
     0.47120943
     0.47453571
     0.47798111
     0.48154962
     0.48498120
     0.48842311
     0.49190877
     0.49547958
     0.49911405
     0.50275366
     0.50654606
     0.51001686
     0.51377418
     0.51737289
     0.52124578
     0.52494046
     0.52862381
     0.53246380
     0.53633393
     0.54030335
     0.54418235
     0.54831438
     0.55217099
     0.55630131
     0.56022671
     0.56423751
     0.56816560
     0.57230611
     0.57658784
     0.58049955
     0.58457720
     0.58873341
     0.59306592
     0.59731951
     0.60158010
     0.60592698
     0.61033327
     0.61484818
     0.61922645
     0.62378484
     0.62824818
     0.63262613
     0.63697228
     0.64153471
     0.64615086
     0.65074005
     0.65548265
     0.66021754
     0.66493581
     0.66965858
     0.67466384
     0.67921243
     0.68439623
     0.68940788
     0.69412606
     0.69913885
     0.70428073
     0.70927911
     0.71469245
     0.71973503
     0.72494468
     0.73033180
     0.73573125
     0.74111757
     0.74655452
     0.75198200
     0.75740421
     0.76300791
     0.76882618
     0.77431987
     0.77985252
     0.78548673
     0.79103078
     0.79719608
     0.80341872
     0.80954749
     0.81554172
     0.82164087
     0.82767898
     0.83363962
     0.83981469
     0.84599744
     0.85252597
     0.85906547
     0.86552289
     0.87179691
     0.87856404
     0.88544061
     0.89219024
     0.89941338
     0.90606809
     0.91324217
     0.92093969
     0.92829115
     0.93562099
     0.94337794
     0.95089148
     0.95855639
     0.96634674
     0.97371953
     0.98133060
     0.98914705
     0.99715603
      1.0052376
      1.0129349
      1.0210193
      1.0293841
      1.0374153
      1.0458785
      1.0544342
      1.0631983
      1.0718878
      1.0808526
      1.0901015
      1.0994518
      1.1086898
      1.1178293
      1.1273235
      1.1368961
      1.1466245
      1.1564041
      1.1669856
      1.1776157
      1.1882694
      1.1987853
      1.2092077
      1.2196757
      1.2306943
      1.2413397
      1.2521155
      1.2636526
      1.2754237
      1.2863796
      1.2977319
      1.3098775
      1.3217240
      1.3336336
      1.3458490
      1.3587629
      1.3709933
      1.3841724
      1.3969618
      1.4098495
      1.4234838
      1.4371577
      1.4516690
      1.4643759
      1.4781573
      1.4923171
      1.5065441
      1.5207755
      1.5357019
      1.5495679
      1.5644313
      1.5796094
      1.5953546
      1.6104020
      1.6252655
      1.6415065
      1.6575087
      1.6741409
      1.6902110
      1.7065243
      1.7231668
      1.7394135
      1.7572187
      1.7734472
      1.7906923
      1.8083831
      1.8266766
      1.8445808
      1.8625025
      1.8818125
      1.9005197
      1.9218682
      1.9405508
      1.9599307
      1.9804633
      2.0005517
      2.0214686
      2.0422422
      2.0618938
      2.0832329
      2.1050102
      2.1286047
      2.1517887
      2.1741078
      2.1980324
      2.2223443
      2.2465317
      2.2700776
      2.2952085
      2.3189234
      2.3442495
      2.3687704
      2.3925039
      2.4179628
      2.4442142
      2.4714058
      2.4977043
      2.5250803
      2.5533762
      2.5788313
      2.6080855
      2.6381546
      2.6709357
      2.7020542
      2.7321542
      2.7629371
      2.7929926
      2.8269740
      2.8617186
      2.8974523
      2.9331439
      2.9698938
      3.0073587
      3.0443576
      3.0808697
      3.1196594
      3.1599737
      3.1993576
      3.2376933
      3.2804537
      3.3242788
      3.3669384
      3.4106277
      3.4618900
      3.5084228
      3.5534488
      3.6024208
      3.6516834
      3.7010363
      3.7526686
      3.8062962
      3.8568145
      3.9106200
      3.9658824
      4.0211905
      4.0769894
      4.1344223
      4.1938683
      4.2533114
      4.3162973
      4.3774475
      4.4419437
      4.5065126
      4.5800801
      4.6477283
      4.7206080
      4.7933301
      4.8665470
      4.9390715
      5.0136714
      5.0906060
      5.1673813
      5.2488557
      5.3309259
      5.4126336
      5.4997677
      5.5891045
      5.6792738
      5.7756900
      5.8669024
      5.9658230
      6.0662119
      6.1723774
      6.2783120
      6.3879966
      6.4867504
      6.5894268
      6.7033180
      6.8131883
      6.9254836
      7.0436606
      7.1659233
      7.2892075
      7.4131925
      7.5345827
      7.6603967
      7.7911076
      7.9184932
      8.0538037
      8.1926266
      8.3336101
      8.4690127
      8.6105205
      8.7637822
      8.9196517
      9.0722606
      9.2224489
      9.3658809
      9.5271962
      9.6817847
      9.8359499
      10.005302
      10.168682
      10.344525
      10.512594
      10.688083
      10.861574
      11.039716
      11.227330
      11.412136
      11.600823
      11.790928
      11.965718
      12.162199
      12.356863
      12.560119
      12.763338
      12.967713
      13.188359
      13.403488
      13.618547
      13.851536
      14.071171
      14.296201
      14.521077
      14.753584
      14.983732
      15.225396
      15.452689
      15.697087
      15.935103
      16.192461
      16.438847
      16.694015
      16.961344
      17.217904
      17.467148
      17.740234
      18.003509
      18.251299
      18.518291
      18.795847
      19.064908
      19.354711
      19.647579
      19.935500
      20.218634
      20.519823
      20.808890
      21.113413
      21.403169
      21.700149
      22.013882
      22.340281
      22.676012
      22.991500
      23.304736
      23.629467
      23.959661
      24.282783
      24.618997
      24.957315
      25.284784
      25.623497
      25.970992
      26.300147
      26.643711
      27.003541
      27.348576
      27.723470
      28.089897
      28.459898
      28.824905
      29.178987
      29.560557
      29.907549
      30.277482
      30.667131
      31.066465
      31.461138
      31.848126
      32.264061
      32.668535
      33.069838
      33.474352
      33.885322
      34.292114
      34.696343
      35.134958
      35.552262
      35.962294
      36.390110
      36.826526
      37.241990
      37.675489
      38.096978
      38.536338
      38.979652
      39.439111
      39.880964
      40.339821
      40.799668
      41.258725
      41.692716
      42.154353
      42.607589
      43.080956
      43.571301
      44.042062
      44.524132
      45.004292
      45.506240
      45.996327
      46.500787
      47.008375
      47.520239
      48.020749
      48.506780
      49.023381
      49.531451
      50.031667
      50.547566
      51.083480
      51.589303
      52.115342
      52.679950
      53.228246
      53.797063
      54.354126
      54.907053
      55.465416
      56.008038
      56.548815
      57.096763
      57.650834
      58.214861
      58.787900
      59.375376
      59.941604
      60.514017
      61.098162
      61.709625
      62.317322
      62.888158
      63.473523
      64.092432
      64.695977
      65.278484
      65.911600
      66.531856
      67.117830
      67.722605
      68.341519
      68.966756
      69.599416
      70.207147
      70.826266
      71.473081
      72.153834
      72.814293
      73.464205
      74.108757
      74.772150
      75.409239
      76.117487
      76.772696
      77.443609
      78.138848
      78.814903
      79.505691
      80.173039
      80.898043
      81.588594
      82.255859
      82.946784
      83.609764
      84.300098
      85.028908
      85.758127
      86.490081
      87.235876
      87.952029
      88.699077
      89.436916
      90.164883
      90.960103
      91.691889
      92.443354
      93.199151
      93.966188
      94.713560
      95.492840
      96.237481
      97.023816
      97.813493
      98.637166
      99.385418
      100.12254
      100.86636
      101.67245
      102.43203
      103.25710
      104.05291
      104.87976
      105.67751
      106.50840
      107.32416
      108.11887
      108.98190
      109.85878
      110.68186
      111.52967
      112.36594
      113.17910
      114.01194
      114.83150
      115.67710
      116.50421
      117.36690
      118.26014
      119.16886
      120.05773
      120.90748
      121.73609
      122.61109
      123.53398
      124.39385
      125.33204
      126.18157
      127.06750
      127.92898
      128.79096
      129.70905
      130.61003
      131.53043
      132.49529
      133.47773
      134.37993
      135.31596
      136.22470
      137.15282
      138.11345
      139.02065
      139.98355
      140.95507
      141.91061
      142.92876
      143.89359
      144.89195
      145.88098
      146.81953
      147.83323
      148.82276
      149.80189
      150.80591
      151.79757
      152.81100
      153.80653
      154.78319
      155.79459
      156.80215
      157.77785
      158.82416
      159.82967
      160.88864
      161.90774
      162.93579
      163.93978
      164.95667
      165.97714
      167.03195
      168.08245
      169.15947
      170.24004
      171.35677
      172.40630
      173.53404
      174.64352
      175.77485
      176.78192
      177.87122
      179.02501
      180.09719
      181.16441
      182.26774
      183.36834
      184.49663
      185.58995
      186.70136
      187.77705
      188.89804
      190.02238
      191.13600
      192.32016
      193.51742
      194.70814
      195.84567
      197.04608
      198.29335
      199.54847
      200.73151
      201.92711
      203.15128
      204.34075
      205.50227
      206.75074
      207.96392
      209.21534
      210.48101
      211.70122
      212.92900
      214.14052
      215.36085
      216.59784
      217.87770
      219.10041
      220.38576
      221.63434
      222.90766
      224.15130
      225.41323
      226.72180
      228.04114
      229.37366
      230.64899
      231.99298
      233.28340
      234.59912
      235.92859
      237.34504
      238.66088
      240.06880
      241.45994
      242.81996
      244.13567
      245.57056
      246.94971
      248.34549
      249.62523
      250.97221
      252.35490
      253.81920
      255.19373
      256.57604
      258.02974
      259.45825
      260.82916
      262.32303
      263.77083
      265.20413
      266.68698
      268.13569
      269.56646
      271.02941
      272.54555
      274.01164
      275.53227
      277.03590
      278.59891
      280.14851
      281.68475
      283.17438
      284.69460
      286.25224
      287.85067
      289.38005
      290.94967
      292.55554
      294.08660
      295.66331
      297.32371
      298.98542
      300.47972
      302.00665
      303.57100
      305.19924
      306.80620
      308.52232
      310.13545
      311.82211
      313.47878
      315.17841
      316.85669
      318.52853
      320.19707
      321.92617
      323.62937
      325.25765
      326.98043
      328.76413
      330.48155
      332.23765
      334.06524
      335.93913
      337.70178
      339.58912
      341.34341
      343.19778
      345.01208
      346.80149
      348.58995
      350.45871
      352.43020
      354.31316
      356.22246
      358.08169
      359.96160
      361.87412
      363.85880
      365.84311
      367.75176
      369.81988
      371.77922
      373.87742
      375.91210
      377.94281
      379.99441
      382.03542
      384.15583
      386.31725
      388.43581
      390.64775
      392.93619
      395.23884
      397.55254
      399.84517
      402.04954
      404.40863
      406.94562
      409.35957
      411.69604
      414.19207
      416.76566
      419.19195
      421.71137
      424.20543
      426.81473
      429.64901
      432.34716
      434.99254
      437.73361
      440.38532
      443.18320
      445.97466
      448.92393
      451.75041
      454.64363
      457.63600
      460.74348
      463.78547
      467.08800
      470.26017
      473.46024
      476.83596
      480.08642
      483.42712
      486.74126
      490.18971
      493.70945
      497.32887
      501.07811
      504.78186
      508.68702
      512.68291
      516.85820
      520.82972
      524.90314
      529.31331
      533.50725
      538.06028
      542.74580
      547.65062
      552.64075
      557.44251
      562.52123
      568.02972
      573.64587
      579.76466
      585.89508
      592.45149
      598.85012
      606.06026
      613.56347
      621.88298
      630.79054
      639.94626
      649.80336
      660.39879
      672.79671
      685.93007
      700.95780
      717.68828
      736.55639
      759.84480
      788.48696
      829.03088
      887.66951
      1000.2499
