   0.0030107251
   0.0061918897
   0.0094131584
    0.012328360
    0.015331022
    0.018187962
    0.021153173
    0.024448545
    0.027769311
    0.030865435
    0.033978831
    0.037230404
    0.040408845
    0.043572630
    0.046722376
    0.049900823
    0.053134862
    0.056453412
    0.059596448
    0.062857293
    0.066288552
    0.069692640
    0.072858112
    0.076168559
    0.079379640
    0.082874649
    0.086362508
    0.089715510
    0.093063641
    0.096553353
    0.099942268
     0.10323640
     0.10653855
     0.11000266
     0.11335705
     0.11673165
     0.12022563
     0.12373820
     0.12707242
     0.13055600
     0.13403916
     0.13758209
     0.14108646
     0.14455714
     0.14828395
     0.15180062
     0.15539146
     0.15921123
     0.16299350
     0.16685575
     0.17046691
     0.17423187
     0.17811619
     0.18175783
     0.18574109
     0.18944148
     0.19325118
     0.19705272
     0.20081947
     0.20460774
     0.20865523
     0.21259888
     0.21643124
     0.22045192
     0.22440831
     0.22854667
     0.23251366
     0.23654054
     0.24068956
     0.24484302
     0.24899666
     0.25303495
     0.25722401
     0.26143493
     0.26551535
     0.26958255
     0.27384357
     0.27801388
     0.28223129
     0.28652873
     0.29068524
     0.29506187
     0.29956825
     0.30389514
     0.30842101
     0.31273908
     0.31712413
     0.32147674
     0.32593480
     0.33006044
     0.33453158
     0.33901795
     0.34353701
     0.34792644
     0.35266065
     0.35739409
     0.36198534
     0.36681242
     0.37140997
     0.37615236
     0.38092569
     0.38569157
     0.39040253
     0.39553004
     0.40028034
     0.40519626
     0.41000505
     0.41455892
     0.41972065
     0.42472297
     0.42997700
     0.43503140
     0.44033590
     0.44580302
     0.45095179
     0.45603288
     0.46134722
     0.46688256
     0.47220701
     0.47735674
     0.48305415
     0.48846083
     0.49386323
     0.49958196
     0.50519986
     0.51053920
     0.51595483
     0.52143393
     0.52703393
     0.53256465
     0.53821394
     0.54460527
     0.55004204
     0.55569880
     0.56162062
     0.56743849
     0.57314909
     0.57900025
     0.58505525
     0.59073334
     0.59635502
     0.60216995
     0.60811323
     0.61389754
     0.62002962
     0.62623370
     0.63230311
     0.63872419
     0.64503102
     0.65158251
     0.65805354
     0.66430322
     0.67079267
     0.67731146
     0.68394630
     0.69058573
     0.69746023
     0.70448053
     0.71116366
     0.71862894
     0.72536855
     0.73258749
     0.73994502
     0.74696753
     0.75447460
     0.76184712
     0.76907230
     0.77651413
     0.78352638
     0.79109861
     0.79815129
     0.80585196
     0.81346802
     0.82069422
     0.82827786
     0.83609988
     0.84392369
     0.85166141
     0.85978691
     0.86772050
     0.87541557
     0.88301415
     0.89123947
     0.89993339
     0.90810858
     0.91656954
     0.92523658
     0.93392614
     0.94207805
     0.95090239
     0.96001743
     0.96897625
     0.97801512
     0.98761972
     0.99695310
      1.0059738
      1.0154816
      1.0251517
      1.0349960
      1.0443705
      1.0540818
      1.0635146
      1.0733018
      1.0830738
      1.0933224
      1.1036496
      1.1133684
      1.1240265
      1.1345095
      1.1447623
      1.1556871
      1.1669217
      1.1778084
      1.1883677
      1.1992582
      1.2098014
      1.2214436
      1.2327444
      1.2446646
      1.2566799
      1.2686535
      1.2804138
      1.2920738
      1.3045556
      1.3169727
      1.3286227
      1.3407552
      1.3528239
      1.3647794
      1.3770730
      1.3892173
      1.4027144
      1.4158584
      1.4287059
      1.4417832
      1.4554881
      1.4688785
      1.4824807
      1.4954799
      1.5096627
      1.5238155
      1.5376583
      1.5522334
      1.5659110
      1.5805063
      1.5945636
      1.6090394
      1.6237490
      1.6381490
      1.6527097
      1.6672418
      1.6817409
      1.6970046
      1.7120948
      1.7274949
      1.7426932
      1.7584245
      1.7744074
      1.7916433
      1.8073121
      1.8228937
      1.8396567
      1.8557250
      1.8720118
      1.8879809
      1.9045078
      1.9217531
      1.9380687
      1.9566101
      1.9744851
      1.9920526
      2.0101211
      2.0267641
      2.0452681
      2.0635859
      2.0821999
      2.1005303
      2.1188982
      2.1386122
      2.1578990
      2.1774729
      2.1967168
      2.2166089
      2.2370943
      2.2570293
      2.2780103
      2.2973434
      2.3166219
      2.3374266
      2.3574087
      2.3795221
      2.4022211
      2.4232816
      2.4455031
      2.4684894
      2.4900990
      2.5130791
      2.5357627
      2.5567264
      2.5786361
      2.6007974
      2.6231981
      2.6459637
      2.6675284
      2.6892791
      2.7128481
      2.7370357
      2.7617211
      2.7858903
      2.8097617
      2.8332139
      2.8589145
      2.8848918
      2.9098576
      2.9362578
      2.9615737
      2.9885217
      3.0139840
      3.0402949
      3.0660375
      3.0921155
      3.1177037
      3.1451569
      3.1724130
      3.1999869
      3.2282828
      3.2581091
      3.2863215
      3.3146632
      3.3435822
      3.3741887
      3.4034013
      3.4323508
      3.4611877
      3.4914440
      3.5210988
      3.5515726
      3.5819828
      3.6121780
      3.6422234
      3.6743865
      3.7050146
      3.7358329
      3.7665466
      3.7987248
      3.8308416
      3.8637724
      3.8963748
      3.9294561
      3.9627037
      3.9962393
      4.0317233
      4.0663343
      4.1021228
      4.1372861
      4.1737394
      4.2094447
      4.2470439
      4.2824014
      4.3198032
      4.3573348
      4.3954624
      4.4338375
      4.4701802
      4.5074576
      4.5462753
      4.5860385
      4.6256792
      4.6665314
      4.7060693
      4.7477435
      4.7882336
      4.8291733
      4.8725023
      4.9157088
      4.9568663
      4.9995945
      5.0404216
      5.0832744
      5.1272101
      5.1688979
      5.2123901
      5.2560996
      5.3007861
      5.3456943
      5.3886704
      5.4328835
      5.4779209
      5.5238543
      5.5702009
      5.6158126
      5.6601460
      5.7094717
      5.7593638
      5.8070829
      5.8546303
      5.9021015
      5.9501811
      5.9996601
      6.0530348
      6.1037481
      6.1508923
      6.2008808
      6.2526973
      6.3066228
      6.3622585
      6.4138007
      6.4694450
      6.5241111
      6.5764194
      6.6310525
      6.6852251
      6.7399651
      6.7997143
      6.8528461
      6.9099634
      6.9649233
      7.0220989
      7.0814236
      7.1409621
      7.1991646
      7.2618991
      7.3235907
      7.3871923
      7.4490870
      7.5095393
      7.5693347
      7.6337923
      7.6965405
      7.7566923
      7.8200097
      7.8833839
      7.9489182
      8.0147491
      8.0806014
      8.1468034
      8.2143813
      8.2808054
      8.3471852
      8.4175511
      8.4914097
      8.5609857
      8.6298460
      8.7007631
      8.7693584
      8.8391175
      8.9121205
      8.9881712
      9.0580215
      9.1324321
      9.2082990
      9.2864035
      9.3616338
      9.4342829
      9.5091095
      9.5856576
      9.6633784
      9.7463553
      9.8260392
      9.9058420
      9.9826513
      10.067606
      10.147410
      10.230924
      10.310975
      10.394532
      10.480205
      10.560646
      10.650463
      10.735862
      10.823062
      10.910381
      10.999520
      11.089889
      11.177649
      11.268551
      11.359462
      11.451194
      11.539491
      11.627984
      11.722874
      11.820387
      11.911080
      12.008643
      12.105792
      12.206844
      12.304636
      12.404474
      12.512161
      12.615515
      12.719138
      12.827412
      12.928397
      13.028109
      13.133690
      13.241092
      13.350699
      13.460088
      13.565326
      13.676916
      13.785864
      13.896733
      14.011023
      14.122114
      14.234080
      14.353511
      14.469549
      14.584480
      14.702989
      14.815432
      14.930856
      15.052249
      15.181516
      15.297493
      15.418471
      15.545101
      15.670110
      15.795447
      15.925953
      16.049039
      16.175383
      16.313686
      16.439925
      16.570730
      16.699383
      16.830501
      16.970514
      17.107405
      17.252097
      17.385477
      17.523067
      17.655456
      17.789431
      17.926981
      18.069553
      18.206235
      18.350600
      18.495705
      18.640723
      18.795397
      18.941223
      19.089356
      19.241145
      19.392125
      19.543364
      19.702522
      19.855260
      20.016413
      20.173098
      20.335409
      20.504017
      20.660546
      20.827579
      20.989207
      21.152708
      21.319549
      21.485778
      21.658023
      21.822245
      21.996650
      22.181008
      22.360793
      22.536782
      22.715442
      22.902602
      23.079310
      23.263106
      23.449160
      23.640206
      23.821983
      24.011900
      24.210190
      24.405770
      24.591161
      24.778834
      24.974615
      25.170122
      25.375945
      25.581958
      25.785830
      25.994268
      26.192901
      26.385169
      26.593166
      26.797936
      26.995888
      27.201817
      27.403211
      27.630209
      27.854727
      28.076640
      28.295281
      28.514671
      28.736755
      28.972003
      29.199023
      29.428059
      29.649602
      29.874943
      30.105110
      30.347446
      30.570908
      30.821130
      31.071002
      31.321807
      31.576632
      31.831763
      32.090978
      32.357173
      32.614673
      32.879534
      33.124623
      33.382378
      33.645710
      33.904058
      34.160323
      34.430182
      34.715392
      34.978834
      35.250803
      35.524848
      35.803624
      36.082776
      36.348652
      36.629048
      36.903401
      37.214193
      37.502390
      37.807457
      38.111719
      38.409132
      38.720217
      39.029669
      39.329692
      39.627398
      39.937333
      40.243634
      40.558845
      40.878512
      41.198983
      41.513378
      41.847433
      42.184907
      42.517971
      42.842815
      43.168758
      43.512535
      43.871006
      44.207710
      44.565838
      44.918503
      45.264090
      45.619875
      45.987042
      46.342927
      46.706271
      47.075494
      47.447621
      47.808976
      48.181669
      48.549434
      48.913779
      49.288903
      49.669610
      50.059544
      50.473889
      50.868953
      51.259716
      51.656866
      52.056151
      52.446729
      52.850635
      53.292597
      53.706932
      54.126886
      54.558049
      54.987389
      55.417598
      55.835607
      56.280589
      56.707149
      57.135830
      57.594211
      58.044707
      58.477603
      58.929469
      59.393423
      59.846771
      60.301414
      60.772195
      61.222900
      61.688876
      62.188137
      62.703243
      63.178261
      63.691002
      64.197680
      64.690667
      65.187910
      65.696404
      66.214195
      66.720360
      67.241512
      67.780090
      68.301587
      68.834242
      69.397411
      69.944658
      70.480349
      71.071422
      71.598510
      72.162580
      72.740269
      73.287442
      73.834450
      74.405594
      74.969392
      75.531757
      76.111357
      76.717008
      77.289875
      77.911746
      78.512554
      79.120110
      79.735832
      80.367506
      80.992636
      81.623716
      82.256184
      82.945263
      83.554884
      84.243995
      84.918565
      85.602419
      86.280379
      86.962379
      87.637861
      88.341356
      89.065634
      89.771003
      90.516199
      91.192962
      91.883411
      92.575735
      93.303560
      94.029733
      94.763026
      95.512763
      96.250342
      96.983111
      97.744680
      98.512770
      99.277451
      100.01817
      100.83423
      101.60423
      102.42326
      103.25599
      104.06466
      104.89274
      105.73320
      106.58396
      107.44191
      108.28952
      109.16800
      110.00793
      110.87708
      111.78263
      112.65778
      113.58939
      114.55263
      115.45701
      116.31498
      117.26929
      118.17226
      119.13310
      120.09718
      121.03110
      121.99098
      122.95143
      123.88696
      124.85605
      125.89958
      126.91176
      127.89819
      128.93369
      129.94138
      131.00761
      132.02033
      133.02769
      134.14149
      135.20141
      136.27584
      137.38344
      138.39560
      139.51903
      140.64236
      141.74769
      142.84743
      143.99058
      145.20931
      146.39093
      147.53103
      148.74111
      149.90130
      151.14625
      152.29512
      153.43552
      154.63751
      155.83845
      157.10517
      158.35335
      159.63331
      160.88978
      162.18923
      163.53296
      164.84610
      166.24367
      167.59354
      169.00974
      170.34323
      171.70222
      173.12539
      174.50778
      175.89790
      177.36001
      178.78391
      180.21410
      181.68465
      183.15593
      184.53790
      185.99672
      187.52783
      189.04473
      190.58905
      192.05700
      193.61087
      195.18834
      196.81263
      198.44105
      200.09298
      201.74716
      203.39469
      205.13433
      206.85468
      208.57455
      210.18906
      211.98272
      213.69132
      215.48162
      217.25282
      219.06396
      220.86419
      222.66616
      224.48510
      226.34077
      228.19184
      230.04092
      231.92708
      233.88321
      235.83941
      237.72077
      239.72246
      241.79191
      243.81752
      245.95351
      248.06012
      250.11175
      252.19899
      254.37882
      256.53138
      258.68423
      260.80339
      263.19452
      265.55231
      267.82978
      270.02338
      272.38642
      274.74028
      277.13563
      279.56716
      281.86344
      284.20888
      286.65784
      289.17514
      291.68305
      294.21555
      296.54385
      299.13556
      301.64701
      304.32032
      306.77852
      309.60149
      312.28096
      315.08960
      317.89269
      320.63742
      323.47687
      326.26820
      329.26507
      332.26097
      335.18693
      338.06770
      341.01272
      344.04323
      347.05379
      350.05649
      353.10071
      356.27068
      359.41454
      362.61191
      365.76426
      368.98274
      372.44105
      375.68862
      379.09946
      382.70384
      386.27532
      389.88831
      393.50789
      397.02178
      400.66973
      404.39456
      408.11693
      412.03746
      415.96369
      419.88049
      423.97444
      427.86260
      431.97406
      436.24526
      440.31179
      444.50505
      448.97071
      453.37934
      457.83558
      462.31322
      466.83324
      471.42617
      476.25406
      481.00523
      485.61863
      490.68274
      495.58392
      500.70120
      505.66387
      510.95879
      516.41761
      521.85701
      527.19232
      533.01002
      538.50654
      543.96711
      549.64824
      555.68331
      562.02764
      568.24024
      574.19355
      580.54623
      586.99984
      593.72780
      600.16153
      607.02658
      614.29624
      621.63490
      629.27244
      636.84360
      644.65561
      652.82794
      660.82528
      669.43206
      678.51719
      687.38298
      696.47945
      705.87917
      715.11191
      725.65714
      736.51687
      747.36044
      758.66813
      770.77843
      783.33028
      795.40122
      808.84898
      822.98416
      837.74836
      853.05106
      870.20788
      888.50290
      909.17577
      929.91694
      954.65067
      980.27364
      1008.4405
      1042.3531
      1084.5033
      1131.8150
      1194.4361
      1291.4882
      1476.0260
