   0.0054643699
    0.010799441
    0.016188408
    0.021447702
    0.026840536
    0.032499765
    0.038145746
    0.043528582
    0.049005029
    0.054570028
    0.060218396
    0.065853235
    0.071818516
    0.077113467
    0.082937255
    0.088868814
    0.094910948
     0.10087921
     0.10678568
     0.11278999
     0.11883966
     0.12453758
     0.13010750
     0.13613661
     0.14183519
     0.14768405
     0.15351329
     0.15960722
     0.16536606
     0.17150422
     0.17756914
     0.18349307
     0.18996381
     0.19592301
     0.20248586
     0.20908113
     0.21556184
     0.22196995
     0.22832024
     0.23521028
     0.24158757
     0.24766344
     0.25439787
     0.26095223
     0.26744216
     0.27378073
     0.28028418
     0.28678803
     0.29387675
     0.30051872
     0.30723256
     0.31424668
     0.32083357
     0.32765333
     0.33493214
     0.34178114
     0.34877018
     0.35576318
     0.36254573
     0.36920287
     0.37647337
     0.38386937
     0.39127504
     0.39820469
     0.40530397
     0.41282574
     0.41983005
     0.42729966
     0.43499977
     0.44263445
     0.45042304
     0.45804053
     0.46577819
     0.47303907
     0.48097813
     0.48851798
     0.49597283
     0.50346467
     0.51149506
     0.51926057
     0.52779631
     0.53615422
     0.54375149
     0.55213578
     0.56061825
     0.56856321
     0.57760090
     0.58630147
     0.59515653
     0.60387906
     0.61256074
     0.62109324
     0.62990962
     0.63852908
     0.64732612
     0.65696834
     0.66622919
     0.67480719
     0.68372819
     0.69257680
     0.70200214
     0.71134946
     0.72080470
     0.72989112
     0.73910931
     0.74849365
     0.75776446
     0.76743399
     0.77712284
     0.78730899
     0.79698458
     0.80648481
     0.81638065
     0.82608566
     0.83604622
     0.84645612
     0.85613412
     0.86635266
     0.87645374
     0.88709507
     0.89823072
     0.90860940
     0.91981804
     0.93081335
     0.94178160
     0.95264948
     0.96353731
     0.97437803
     0.98489800
     0.99616448
      1.0073574
      1.0183623
      1.0297188
      1.0410683
      1.0526322
      1.0641405
      1.0749670
      1.0863453
      1.0981834
      1.1098523
      1.1217976
      1.1338543
      1.1460353
      1.1592052
      1.1709640
      1.1832675
      1.1956771
      1.2090515
      1.2220055
      1.2349812
      1.2476189
      1.2605610
      1.2735631
      1.2873262
      1.3003954
      1.3131399
      1.3259664
      1.3399191
      1.3528921
      1.3664735
      1.3792657
      1.3929878
      1.4069742
      1.4205352
      1.4348251
      1.4486213
      1.4631324
      1.4772868
      1.4918956
      1.5066770
      1.5210255
      1.5360591
      1.5509531
      1.5652107
      1.5792190
      1.5955652
      1.6101563
      1.6263457
      1.6411618
      1.6573775
      1.6731323
      1.6893914
      1.7052346
      1.7205427
      1.7368908
      1.7536794
      1.7684048
      1.7851236
      1.8007998
      1.8171167
      1.8339025
      1.8504021
      1.8666046
      1.8827955
      1.8994668
      1.9167768
      1.9340238
      1.9507076
      1.9676882
      1.9853809
      2.0031683
      2.0197933
      2.0377564
      2.0554668
      2.0735201
      2.0916590
      2.1104378
      2.1279901
      2.1451664
      2.1638647
      2.1821372
      2.2014105
      2.2211232
      2.2397243
      2.2581577
      2.2784233
      2.2985014
      2.3176336
      2.3378152
      2.3580487
      2.3788927
      2.3995019
      2.4195722
      2.4406869
      2.4605945
      2.4819516
      2.5030138
      2.5244941
      2.5453337
      2.5666679
      2.5882739
      2.6095051
      2.6312086
      2.6522358
      2.6739198
      2.6950618
      2.7175988
      2.7388623
      2.7605924
      2.7839694
      2.8069868
      2.8289276
      2.8523108
      2.8753454
      2.8980467
      2.9206950
      2.9434740
      2.9673775
      2.9910244
      3.0150874
      3.0392023
      3.0630386
      3.0869861
      3.1109012
      3.1356890
      3.1592572
      3.1845062
      3.2090348
      3.2336724
      3.2594780
      3.2857782
      3.3109236
      3.3366193
      3.3614858
      3.3858116
      3.4109331
      3.4380432
      3.4659210
      3.4915299
      3.5166705
      3.5436376
      3.5714807
      3.5992844
      3.6258348
      3.6516983
      3.6803696
      3.7086395
      3.7376166
      3.7660232
      3.7945411
      3.8234898
      3.8526967
      3.8811314
      3.9096876
      3.9385539
      3.9696997
      3.9981429
      4.0293393
      4.0591391
      4.0904466
      4.1212697
      4.1539246
      4.1840203
      4.2167611
      4.2491613
      4.2804972
      4.3147301
      4.3468242
      4.3793807
      4.4099117
      4.4418125
      4.4754594
      4.5088778
      4.5398545
      4.5736699
      4.6061180
      4.6395123
      4.6734865
      4.7056836
      4.7414780
      4.7757017
      4.8099035
      4.8440170
      4.8770168
      4.9126603
      4.9491954
      4.9839915
      5.0203096
      5.0534893
      5.0884106
      5.1247492
      5.1610271
      5.1978194
      5.2358189
      5.2715971
      5.3080710
      5.3463898
      5.3847618
      5.4231539
      5.4618978
      5.4992303
      5.5379260
      5.5771136
      5.6162383
      5.6566002
      5.6973008
      5.7354567
      5.7747855
      5.8162851
      5.8574372
      5.8975814
      5.9386058
      5.9785909
      6.0201588
      6.0617012
      6.1030714
      6.1465685
      6.1902715
      6.2339219
      6.2747418
      6.3189943
      6.3637640
      6.4078656
      6.4530611
      6.4957709
      6.5392387
      6.5828073
      6.6257355
      6.6718435
      6.7171625
      6.7629414
      6.8091068
      6.8571982
      6.9052994
      6.9500477
      6.9975528
      7.0435389
      7.0922266
      7.1428731
      7.1910207
      7.2417966
      7.2898444
      7.3390252
      7.3890350
      7.4410760
      7.4883611
      7.5391907
      7.5892271
      7.6384495
      7.6928894
      7.7412764
      7.7921579
      7.8428276
      7.8937403
      7.9464114
      8.0019392
      8.0549358
      8.1103749
      8.1652239
      8.2219442
      8.2766357
      8.3317211
      8.3892273
      8.4460391
      8.5056016
      8.5623792
      8.6222241
      8.6807689
      8.7368371
      8.7950803
      8.8555444
      8.9135343
      8.9743665
      9.0343020
      9.0932258
      9.1547790
      9.2167832
      9.2806912
      9.3426735
      9.4091393
      9.4703312
      9.5368948
      9.6019823
      9.6659459
      9.7295058
      9.7929468
      9.8577493
      9.9224033
      9.9888712
      10.055711
      10.123351
      10.194040
      10.261657
      10.331056
      10.400194
      10.468918
      10.537629
      10.609873
      10.683016
      10.751407
      10.825290
      10.899396
      10.973782
      11.052323
      11.123906
      11.198179
      11.270926
      11.340944
      11.419998
      11.503228
      11.577659
      11.657492
      11.737274
      11.815209
      11.895505
      11.975153
      12.056930
      12.134653
      12.211239
      12.289035
      12.368569
      12.446892
      12.531046
      12.612070
      12.695467
      12.784253
      12.870697
      12.955819
      13.046182
      13.131500
      13.215839
      13.302320
      13.392572
      13.479085
      13.570340
      13.659800
      13.744661
      13.833084
      13.923147
      14.014929
      14.111779
      14.208614
      14.300145
      14.393939
      14.487144
      14.579989
      14.677767
      14.772697
      14.866332
      14.962368
      15.060001
      15.161125
      15.257152
      15.359911
      15.462442
      15.570824
      15.671520
      15.775424
      15.883540
      15.992921
      16.105317
      16.207694
      16.316866
      16.421523
      16.531728
      16.647287
      16.765367
      16.878762
      16.993603
      17.104856
      17.217547
      17.331063
      17.449508
      17.564658
      17.676248
      17.789186
      17.910195
      18.031524
      18.151818
      18.270780
      18.397202
      18.525104
      18.641908
      18.762611
      18.888393
      19.016343
      19.151417
      19.277932
      19.405858
      19.539617
      19.666356
      19.796518
      19.921157
      20.052303
      20.184422
      20.322329
      20.459545
      20.598388
      20.735298
      20.871150
      21.010184
      21.151664
      21.285089
      21.431622
      21.572882
      21.714352
      21.859067
      21.998452
      22.143670
      22.296178
      22.441938
      22.592640
      22.738554
      22.882762
      23.038248
      23.190957
      23.339681
      23.492554
      23.650654
      23.810034
      23.974884
      24.125786
      24.301768
      24.469220
      24.637467
      24.798216
      24.966195
      25.133623
      25.298708
      25.467990
      25.650221
      25.825182
      25.995213
      26.168261
      26.339719
      26.524609
      26.701756
      26.887702
      27.062056
      27.246711
      27.435078
      27.621240
      27.817454
      28.002621
      28.190815
      28.388357
      28.580585
      28.774100
      28.963405
      29.166439
      29.361128
      29.568800
      29.773997
      29.972989
      30.172707
      30.378304
      30.575275
      30.783789
      30.991368
      31.214556
      31.431450
      31.641492
      31.858708
      32.064935
      32.285007
      32.508723
      32.725522
      32.960794
      33.198288
      33.421858
      33.648720
      33.866874
      34.103895
      34.339303
      34.554831
      34.785889
      35.020281
      35.269971
      35.514029
      35.756231
      36.006801
      36.249611
      36.497032
      36.757934
      37.016210
      37.272887
      37.530736
      37.787180
      38.031611
      38.275338
      38.540220
      38.804597
      39.068870
      39.325613
      39.599513
      39.864902
      40.144802
      40.425101
      40.717415
      41.014263
      41.307114
      41.598442
      41.869775
      42.152986
      42.463651
      42.758765
      43.044701
      43.334744
      43.648096
      43.960555
      44.251859
      44.566630
      44.879721
      45.175658
      45.490336
      45.809134
      46.135939
      46.450058
      46.762321
      47.076032
      47.405955
      47.731513
      48.036328
      48.372592
      48.708925
      49.034763
      49.382928
      49.737114
      50.093835
      50.453130
      50.815907
      51.171084
      51.558876
      51.923416
      52.271990
      52.631636
      52.996886
      53.382573
      53.764381
      54.147917
      54.538397
      54.913227
      55.287804
      55.682004
      56.077151
      56.477240
      56.906012
      57.311225
      57.726102
      58.154106
      58.552106
      58.982439
      59.396993
      59.833387
      60.267796
      60.676087
      61.112371
      61.554131
      62.002664
      62.457961
      62.901098
      63.338747
      63.783264
      64.232272
      64.708505
      65.169156
      65.615747
      66.065314
      66.568564
      67.041370
      67.534352
      68.013338
      68.498544
      68.970930
      69.471744
      69.992878
      70.477304
      71.002263
      71.536678
      72.060282
      72.578529
      73.097025
      73.607160
      74.139026
      74.682523
      75.212921
      75.765575
      76.312342
      76.884701
      77.433103
      78.010352
      78.598734
      79.159924
      79.705773
      80.287286
      80.827714
      81.429432
      82.055536
      82.643860
      83.251748
      83.876565
      84.478618
      85.087407
      85.689477
      86.300368
      86.930852
      87.569522
      88.215600
      88.866769
      89.498935
      90.139814
      90.857387
      91.545607
      92.176186
      92.892166
      93.604174
      94.324129
      95.028184
      95.734417
      96.482717
      97.230746
      97.944567
      98.680299
      99.415752
      100.10140
      100.85794
      101.59865
      102.35840
      103.17205
      103.91215
      104.71853
      105.49346
      106.31259
      107.12170
      107.91163
      108.74227
      109.49158
      110.31607
      111.18944
      112.04837
      112.94628
      113.78062
      114.66334
      115.49505
      116.30740
      117.18308
      118.07714
      118.96307
      119.89551
      120.80309
      121.66725
      122.60288
      123.54720
      124.48079
      125.42573
      126.43105
      127.40656
      128.41421
      129.39942
      130.36486
      131.32969
      132.33868
      133.30588
      134.32768
      135.35915
      136.46729
      137.51068
      138.53660
      139.59678
      140.69534
      141.85969
      142.98523
      144.12176
      145.20449
      146.27412
      147.45220
      148.58773
      149.77723
      150.95794
      152.12187
      153.30337
      154.52377
      155.74007
      156.96846
      158.21010
      159.50668
      160.71168
      162.07507
      163.34798
      164.63389
      165.95314
      167.29854
      168.64835
      169.97879
      171.32931
      172.76000
      174.19075
      175.57784
      176.97091
      178.43053
      179.94766
      181.45838
      182.91582
      184.32969
      185.74088
      187.21096
      188.73280
      190.29871
      191.79290
      193.38359
      194.96510
      196.66260
      198.25710
      199.84652
      201.44638
      203.00059
      204.63599
      206.35994
      207.97171
      209.65970
      211.31926
      213.04970
      214.82708
      216.64106
      218.45735
      220.33052
      222.18183
      223.90232
      225.89149
      227.86154
      229.78996
      231.62190
      233.59621
      235.65142
      237.56174
      239.61217
      241.63784
      243.64510
      245.80026
      247.88802
      250.07960
      252.13382
      254.31633
      256.45421
      258.63143
      260.74069
      263.01108
      265.27594
      267.56605
      269.89114
      272.08820
      274.44260
      276.74490
      279.18832
      281.58761
      284.03791
      286.45417
      288.96382
      291.47770
      293.97008
      296.65232
      299.10704
      301.92033
      304.61788
      307.33554
      309.98678
      312.79729
      315.72818
      318.55936
      321.51895
      324.30640
      327.27471
      330.24041
      333.23351
      336.30153
      339.28150
      342.36825
      345.38186
      348.44971
      351.57667
      354.87343
      358.26726
      361.53365
      364.68116
      368.17124
      371.48381
      375.12023
      378.64102
      382.19076
      385.66121
      389.10648
      392.71705
      396.25972
      400.15421
      404.28454
      408.20594
      412.18592
      416.17332
      420.12609
      424.12031
      428.30080
      432.35644
      436.70392
      441.20814
      445.50615
      449.87827
      454.41377
      459.10860
      463.68880
      468.39766
      473.39019
      478.35761
      483.24114
      488.33727
      493.46891
      498.30316
      503.53524
      508.81958
      514.04423
      519.39158
      524.79811
      530.10426
      536.15595
      542.08314
      548.06037
      554.39260
      560.74325
      566.95546
      573.57834
      580.11792
      586.71057
      593.54569
      600.62757
      608.06045
      615.60511
      623.21134
      630.68353
      638.21924
      646.27030
      654.34643
      662.75731
      671.32850
      680.34528
      689.38858
      698.74064
      708.55286
      719.24212
      730.02441
      741.02334
      752.64785
      764.47616
      776.95317
      790.34753
      803.40629
      817.89106
      833.76079
      848.98223
      865.30793
      884.30521
      904.53610
      926.05911
      948.59042
      973.41692
      1001.0248
      1035.9653
      1077.3074
      1127.0530
      1189.7367
      1286.4563
      1469.1939
