     0.30986768
     0.38373526
     0.43723567
     0.47513595
     0.50887527
     0.53964131
     0.56418348
     0.58911166
     0.61162142
     0.63431889
     0.65542529
     0.67428732
     0.69343061
     0.71184217
     0.72995898
     0.74573383
     0.76253773
     0.77844173
     0.79388649
     0.80946376
     0.82384723
     0.83842196
     0.85279595
     0.86664703
     0.88016220
     0.89344287
     0.90679929
     0.92021600
     0.93378457
     0.94687607
     0.96022362
     0.97289086
     0.98460269
     0.99694462
      1.0095930
      1.0215278
      1.0339128
      1.0458853
      1.0583028
      1.0695214
      1.0813120
      1.0926972
      1.1039416
      1.1152920
      1.1268171
      1.1384946
      1.1491790
      1.1607703
      1.1718876
      1.1832761
      1.1944213
      1.2051499
      1.2156191
      1.2271058
      1.2378519
      1.2487649
      1.2594705
      1.2712079
      1.2819574
      1.2929961
      1.3036085
      1.3148294
      1.3255707
      1.3363908
      1.3470936
      1.3574530
      1.3681026
      1.3789968
      1.3899708
      1.4011483
      1.4121332
      1.4230175
      1.4337424
      1.4451974
      1.4562805
      1.4675374
      1.4781960
      1.4886401
      1.4992821
      1.5101794
      1.5213365
      1.5324190
      1.5437731
      1.5546238
      1.5657852
      1.5763387
      1.5878389
      1.5990497
      1.6099828
      1.6205556
      1.6322459
      1.6429887
      1.6543294
      1.6652532
      1.6765413
      1.6873123
      1.6982768
      1.7099115
      1.7211997
      1.7322823
      1.7434672
      1.7553175
      1.7661673
      1.7776720
      1.7888063
      1.8004581
      1.8120358
      1.8232381
      1.8349590
      1.8466622
      1.8580481
      1.8697423
      1.8812488
      1.8927900
      1.9051378
      1.9174849
      1.9292954
      1.9415495
      1.9527599
      1.9642853
      1.9765848
      1.9883960
      2.0006579
      2.0126811
      2.0250907
      2.0368514
      2.0498754
      2.0620562
      2.0747611
      2.0869512
      2.0995599
      2.1115682
      2.1244597
      2.1369063
      2.1500190
      2.1631600
      2.1759387
      2.1885686
      2.2012403
      2.2137336
      2.2268227
      2.2399001
      2.2533431
      2.2665496
      2.2805504
      2.2947959
      2.3084445
      2.3216168
      2.3351945
      2.3478647
      2.3613813
      2.3750206
      2.3881607
      2.4019652
      2.4154791
      2.4299212
      2.4438388
      2.4571120
      2.4717592
      2.4853472
      2.4990613
      2.5131151
      2.5270779
      2.5415584
      2.5559164
      2.5700802
      2.5848993
      2.5998354
      2.6138071
      2.6293058
      2.6439668
      2.6594200
      2.6743428
      2.6889694
      2.7046282
      2.7195635
      2.7345105
      2.7500063
      2.7657044
      2.7806677
      2.7963580
      2.8122998
      2.8283299
      2.8439278
      2.8597565
      2.8759244
      2.8916301
      2.9075407
      2.9240812
      2.9393372
      2.9560013
      2.9722539
      2.9884503
      3.0045135
      3.0222102
      3.0391602
      3.0560629
      3.0732107
      3.0900671
      3.1072835
      3.1241623
      3.1407704
      3.1584204
      3.1765573
      3.1937200
      3.2123671
      3.2316062
      3.2501561
      3.2682890
      3.2861274
      3.3042997
      3.3232912
      3.3429270
      3.3618381
      3.3806662
      3.4001833
      3.4203321
      3.4404289
      3.4596341
      3.4787813
      3.4993661
      3.5209852
      3.5418837
      3.5634504
      3.5841123
      3.6051443
      3.6266116
      3.6478529
      3.6686331
      3.6903601
      3.7111102
      3.7333363
      3.7549487
      3.7769120
      3.7988682
      3.8197774
      3.8420021
      3.8642777
      3.8875952
      3.9106790
      3.9356222
      3.9582815
      3.9808759
      4.0047659
      4.0321766
      4.0567210
      4.0826478
      4.1077722
      4.1329657
      4.1569541
      4.1823402
      4.2091881
      4.2336830
      4.2607717
      4.2884297
      4.3131043
      4.3398623
      4.3672534
      4.3939354
      4.4229298
      4.4499950
      4.4792891
      4.5083187
      4.5369844
      4.5670060
      4.5961730
      4.6254401
      4.6554707
      4.6859916
      4.7173484
      4.7490906
      4.7800555
      4.8103467
      4.8424996
      4.8747183
      4.9077164
      4.9395292
      4.9729745
      5.0068546
      5.0398193
      5.0750148
      5.1079661
      5.1432184
      5.1784518
      5.2108449
      5.2438024
      5.2776733
      5.3133659
      5.3512093
      5.3877486
      5.4228111
      5.4615952
      5.4966962
      5.5327769
      5.5712433
      5.6109157
      5.6512442
      5.6895361
      5.7294912
      5.7723064
      5.8141165
      5.8580376
      5.9023765
      5.9439811
      5.9881308
      6.0300015
      6.0723507
      6.1165065
      6.1624037
      6.2113579
      6.2579053
      6.3018019
      6.3460479
      6.3951482
      6.4444459
      6.4898271
      6.5383484
      6.5872887
      6.6365183
      6.6872692
      6.7376078
      6.7879536
      6.8402280
      6.8933755
      6.9492377
      7.0021446
      7.0575269
      7.1106328
      7.1706221
      7.2294479
      7.2868317
      7.3437864
      7.4000259
      7.4621632
      7.5205674
      7.5827510
      7.6437896
      7.7063365
      7.7675494
      7.8342321
      7.8955038
      7.9606447
      8.0284956
      8.0963959
      8.1649140
      8.2352786
      8.3028949
      8.3722071
      8.4404607
      8.5138995
      8.5836740
      8.6592341
      8.7341034
      8.8096678
      8.8840854
      8.9570508
      9.0357248
      9.1115398
      9.1911612
      9.2723903
      9.3524316
      9.4328381
      9.5116478
      9.5979951
      9.6784643
      9.7635753
      9.8563468
      9.9469557
      10.039752
      10.130376
      10.220776
      10.309978
      10.405975
      10.498367
      10.592206
      10.687506
      10.784599
      10.886078
      10.985562
      11.082809
      11.185153
      11.290563
      11.394492
      11.495650
      11.601025
      11.709078
      11.816616
      11.927580
      12.033756
      12.147989
      12.256556
      12.372472
      12.483032
      12.599503
      12.722253
      12.842891
      12.962335
      13.077415
      13.196024
      13.324032
      13.443562
      13.573163
      13.701598
      13.831542
      13.965147
      14.094022
      14.233370
      14.365347
      14.493637
      14.626648
      14.758192
      14.897023
      15.037446
      15.188606
      15.327020
      15.462735
      15.604416
      15.757434
      15.915884
      16.060356
      16.211722
      16.364754
      16.510785
      16.663932
      16.812431
      16.967855
      17.122120
      17.282285
      17.450085
      17.604793
      17.769145
      17.926740
      18.087709
      18.256403
      18.424817
      18.598919
      18.779504
      18.944361
      19.111151
      19.287341
      19.463429
      19.649295
      19.831725
      20.013883
      20.190687
      20.369667
      20.552647
      20.745164
      20.934315
      21.126727
      21.312887
      21.508498
      21.698505
      21.890328
      22.087943
      22.281504
      22.484760
      22.684804
      22.888044
      23.080531
      23.286223
      23.498253
      23.699243
      23.901331
      24.100098
      24.303404
      24.510075
      24.720548
      24.935934
      25.139191
      25.356946
      25.564324
      25.781124
      26.000579
      26.208640
      26.438925
      26.647194
      26.877439
      27.098968
      27.320454
      27.557625
      27.781572
      28.016485
      28.252491
      28.480548
      28.726752
      28.962058
      29.192427
      29.431630
      29.660047
      29.890500
      30.131994
      30.380070
      30.628697
      30.869884
      31.136241
      31.385972
      31.641960
      31.898268
      32.137548
      32.397394
      32.653666
      32.903044
      33.156378
      33.422003
      33.682806
      33.944435
      34.201620
      34.464881
      34.737676
      34.998010
      35.261039
      35.531868
      35.820087
      36.100873
      36.373848
      36.641122
      36.918838
      37.202696
      37.490315
      37.760418
      38.047161
      38.329994
      38.610917
      38.898160
      39.185233
      39.471361
      39.764967
      40.058438
      40.345019
      40.642464
      40.934507
      41.230293
      41.543189
      41.849452
      42.152661
      42.471884
      42.776704
      43.100044
      43.404237
      43.711412
      44.020877
      44.326078
      44.643009
      44.951083
      45.267783
      45.583257
      45.900786
      46.210397
      46.530074
      46.853866
      47.176479
      47.540054
      47.862425
      48.226318
      48.552392
      48.898984
      49.239081
      49.575345
      49.922096
      50.254781
      50.586294
      50.909005
      51.246780
      51.591734
      51.936545
      52.290434
      52.636170
      52.999925
      53.373491
      53.748553
      54.087977
      54.451904
      54.822734
      55.172384
      55.553713
      55.933389
      56.313515
      56.689167
      57.066581
      57.434762
      57.796765
      58.184497
      58.562430
      58.936305
      59.301092
      59.679692
      60.054498
      60.441112
      60.831630
      61.203579
      61.591432
      61.993667
      62.370609
      62.771097
      63.174922
      63.591445
      63.987150
      64.381384
      64.760201
      65.156773
      65.564853
      65.990863
      66.400569
      66.792008
      67.194119
      67.591443
      68.004928
      68.424506
      68.827730
      69.247294
      69.672347
      70.108888
      70.548736
      70.952454
      71.385022
      71.821520
      72.251286
      72.674176
      73.120698
      73.536965
      73.951800
      74.408520
      74.843831
      75.303255
      75.758741
      76.186692
      76.617068
      77.069400
      77.528164
      77.964100
      78.406826
      78.865735
      79.336423
      79.810089
      80.280764
      80.757557
      81.209761
      81.670351
      82.157620
      82.609316
      83.108374
      83.593738
      84.086163
      84.583207
      85.083939
      85.577773
      86.060830
      86.560068
      87.038934
      87.522362
      87.995689
      88.521199
      89.033751
      89.514008
      89.996257
      90.516666
      91.041369
      91.565498
      92.094430
      92.613718
      93.147018
      93.675466
      94.194098
      94.747819
      95.267985
      95.813890
      96.346632
      96.914739
      97.432322
      97.944677
      98.479171
      99.009506
      99.555766
      100.10569
      100.67274
      101.22829
      101.77533
      102.34959
      102.88928
      103.41835
      103.96564
      104.52625
      105.13621
      105.71459
      106.28579
      106.84367
      107.43985
      108.03150
      108.60942
      109.14642
      109.76046
      110.32587
      110.90834
      111.51222
      112.13850
      112.71791
      113.29655
      113.90777
      114.48963
      115.12172
      115.74978
      116.37416
      117.01695
      117.63003
      118.27033
      118.89418
      119.48379
      120.07081
      120.71539
      121.32802
      121.99607
      122.63684
      123.27344
      123.93097
      124.55348
      125.20970
      125.85208
      126.45768
      127.14602
      127.81342
      128.48540
      129.14317
      129.81347
      130.47492
      131.09795
      131.79517
      132.47135
      133.16664
      133.85881
      134.56043
      135.25537
      135.96662
      136.64776
      137.33394
      138.03458
      138.76752
      139.45928
      140.22601
      140.97602
      141.71189
      142.41502
      143.13839
      143.88671
      144.61997
      145.35034
      146.08170
      146.86077
      147.58533
      148.29481
      149.05034
      149.78766
      150.49931
      151.27786
      152.01156
      152.80850
      153.50888
      154.27565
      155.04264
      155.86009
      156.61416
      157.43013
      158.22599
      159.00963
      159.82732
      160.62937
      161.43194
      162.23602
      163.04696
      163.87417
      164.70251
      165.53768
      166.36505
      167.17703
      168.05952
      168.90160
      169.74384
      170.61229
      171.43990
      172.31522
      173.19957
      174.06203
      174.89518
      175.82744
      176.66202
      177.53565
      178.37334
      179.26259
      180.15470
      181.04549
      181.94652
      182.81123
      183.71987
      184.60616
      185.49948
      186.40689
      187.29694
      188.20539
      189.14775
      190.09269
      191.04907
      191.99981
      192.89835
      193.83409
      194.77970
      195.75047
      196.74427
      197.66726
      198.63830
      199.56460
      200.58774
      201.54572
      202.52481
      203.50479
      204.46430
      205.47117
      206.44018
      207.43381
      208.42977
      209.44440
      210.43882
      211.50836
      212.56474
      213.59608
      214.64088
      215.68641
      216.72254
      217.75087
      218.81844
      219.88617
      220.99392
      222.06514
      223.12043
      224.18070
      225.27105
      226.32924
      227.38350
      228.51315
      229.66841
      230.76784
      231.94363
      233.07162
      234.18271
      235.41379
      236.53136
      237.76130
      238.89062
      240.12384
      241.29698
      242.45344
      243.59198
      244.83273
      245.99896
      247.17756
      248.41418
      249.63797
      250.91664
      252.10726
      253.34601
      254.61432
      255.89211
      257.19991
      258.46252
      259.71685
      260.92133
      262.12885
      263.41804
      264.69084
      266.02712
      267.34749
      268.68931
      270.08904
      271.50886
      272.91145
      274.25002
      275.58266
      276.90960
      278.34300
      279.76089
      281.15788
      282.58841
      283.95787
      285.38973
      286.80833
      288.29148
      289.78556
      291.29136
      292.69411
      294.15899
      295.70479
      297.22989
      298.71638
      300.29108
      301.84294
      303.40197
      304.93069
      306.50291
      308.12315
      309.68113
      311.37884
      312.88318
      314.53872
      316.15235
      317.83797
      319.61523
      321.25350
      322.86834
      324.57476
      326.32716
      328.12694
      329.95867
      331.64175
      333.45175
      335.23959
      336.99495
      338.77425
      340.54675
      342.40793
      344.19969
      346.13035
      348.03606
      349.88344
      351.74582
      353.69892
      355.58861
      357.48691
      359.41741
      361.38910
      363.37677
      365.28298
      367.22832
      369.23558
      371.29283
      373.32558
      375.41347
      377.54806
      379.69170
      381.77924
      383.91078
      386.16322
      388.50606
      390.74318
      392.97270
      395.16907
      397.37923
      399.72202
      402.09979
      404.46266
      406.87163
      409.18691
      411.66421
      414.10960
      416.64920
      419.23544
      421.80091
      424.47436
      427.00586
      429.81073
      432.46766
      435.22908
      438.04438
      440.93876
      443.72870
      446.53711
      449.34572
      452.37185
      455.39521
      458.59628
      461.84861
      465.06180
      468.51364
      471.87365
      475.34338
      478.77761
      482.35360
      486.24381
      490.02384
      494.04736
      498.18781
      502.24003
      506.97942
      511.50404
      516.36612
      521.22256
      526.41558
      531.91905
      537.69209
      543.79488
      550.17485
      557.38915
      564.91736
      572.91643
      581.69115
      591.39584
      602.41539
      616.67524
      632.45567
      653.88682
      682.76780
      735.02313
