   0.0038485948
   0.0078405034
    0.012021538
    0.015941979
    0.020104324
    0.024238547
    0.028541437
    0.032595618
    0.036739520
    0.041097959
    0.045371323
    0.049705771
    0.053741795
    0.058064122
    0.062489927
    0.066972321
    0.071334960
    0.075511222
    0.079771709
    0.084167727
    0.088609073
    0.092918037
    0.097100768
     0.10162582
     0.10598417
     0.11032994
     0.11489165
     0.11920572
     0.12373694
     0.12825545
     0.13266207
     0.13704857
     0.14157561
     0.14632852
     0.15096177
     0.15563091
     0.16047488
     0.16509949
     0.16969779
     0.17452849
     0.17908590
     0.18402469
     0.18880304
     0.19374426
     0.19832425
     0.20321805
     0.20808847
     0.21292312
     0.21770119
     0.22246900
     0.22743559
     0.23252526
     0.23774766
     0.24262514
     0.24768382
     0.25284108
     0.25763041
     0.26260249
     0.26763650
     0.27266383
     0.27776827
     0.28286525
     0.28813116
     0.29352010
     0.29879134
     0.30404834
     0.30930504
     0.31456870
     0.31989614
     0.32547065
     0.33102773
     0.33642403
     0.34204043
     0.34765489
     0.35310935
     0.35834159
     0.36358138
     0.36904700
     0.37447514
     0.37980830
     0.38524139
     0.39069754
     0.39648794
     0.40220826
     0.40780232
     0.41357376
     0.41936641
     0.42531246
     0.43081933
     0.43681216
     0.44292722
     0.44910152
     0.45500143
     0.46098910
     0.46735998
     0.47348550
     0.47955823
     0.48576457
     0.49205141
     0.49849076
     0.50496499
     0.51114549
     0.51731149
     0.52387285
     0.52987476
     0.53620919
     0.54282106
     0.54957708
     0.55642860
     0.56342410
     0.57008655
     0.57641334
     0.58323044
     0.59007432
     0.59690950
     0.60383264
     0.61087856
     0.61823799
     0.62499787
     0.63223220
     0.63909868
     0.64630674
     0.65401643
     0.66104281
     0.66817540
     0.67569514
     0.68340571
     0.69055965
     0.69817227
     0.70573082
     0.71371028
     0.72154057
     0.72958662
     0.73739115
     0.74512613
     0.75331869
     0.76123498
     0.76918631
     0.77755319
     0.78597093
     0.79424281
     0.80209619
     0.80969241
     0.81856933
     0.82676521
     0.83481696
     0.84345500
     0.85185523
     0.86054675
     0.86932110
     0.87776601
     0.88668794
     0.89593966
     0.90482950
     0.91400625
     0.92256798
     0.93161312
     0.94087751
     0.94965428
     0.95862211
     0.96823410
     0.97749889
     0.98666667
     0.99616096
      1.0056677
      1.0151854
      1.0242047
      1.0340768
      1.0442909
      1.0544501
      1.0651005
      1.0755328
      1.0857366
      1.0956399
      1.1059436
      1.1168322
      1.1276633
      1.1382702
      1.1489910
      1.1592910
      1.1702896
      1.1807808
      1.1914468
      1.2021354
      1.2134065
      1.2244229
      1.2356992
      1.2466531
      1.2580117
      1.2696662
      1.2812835
      1.2929175
      1.3049431
      1.3173459
      1.3290357
      1.3412257
      1.3538713
      1.3657235
      1.3784595
      1.3907207
      1.4033348
      1.4159475
      1.4287492
      1.4415634
      1.4545530
      1.4674436
      1.4799907
      1.4929983
      1.5060079
      1.5186883
      1.5321702
      1.5453317
      1.5588882
      1.5723282
      1.5864204
      1.6006237
      1.6142769
      1.6285219
      1.6429761
      1.6571743
      1.6720701
      1.6861451
      1.7007628
      1.7154193
      1.7305770
      1.7453968
      1.7597995
      1.7747248
      1.7901335
      1.8059681
      1.8215487
      1.8368024
      1.8520839
      1.8678007
      1.8834211
      1.8998775
      1.9160234
      1.9319527
      1.9477955
      1.9656468
      1.9816948
      1.9981497
      2.0158614
      2.0326513
      2.0501906
      2.0673802
      2.0841284
      2.1017059
      2.1188687
      2.1369174
      2.1547069
      2.1724659
      2.1904402
      2.2086289
      2.2268118
      2.2447052
      2.2622682
      2.2812884
      2.2997991
      2.3169195
      2.3359825
      2.3560015
      2.3749022
      2.3931949
      2.4129652
      2.4328189
      2.4526149
      2.4721103
      2.4914497
      2.5111494
      2.5303404
      2.5503178
      2.5716997
      2.5919020
      2.6120876
      2.6323697
      2.6531734
      2.6743311
      2.6952240
      2.7149480
      2.7367117
      2.7597171
      2.7808403
      2.8025540
      2.8257158
      2.8484456
      2.8703020
      2.8943997
      2.9164165
      2.9399808
      2.9638278
      2.9875227
      3.0102083
      3.0343279
      3.0590832
      3.0828132
      3.1076422
      3.1317140
      3.1564748
      3.1795411
      3.2054669
      3.2313487
      3.2554962
      3.2802735
      3.3050109
      3.3301651
      3.3551156
      3.3821576
      3.4076054
      3.4349116
      3.4618048
      3.4893097
      3.5171017
      3.5449421
      3.5723080
      3.6013397
      3.6295268
      3.6579647
      3.6849534
      3.7137347
      3.7426612
      3.7736427
      3.8024627
      3.8327101
      3.8620176
      3.8932258
      3.9228837
      3.9531952
      3.9831973
      4.0131420
      4.0448231
      4.0765863
      4.1080669
      4.1377967
      4.1684682
      4.2022427
      4.2359748
      4.2704405
      4.3013491
      4.3354418
      4.3664220
      4.3995785
      4.4336668
      4.4681937
      4.5023889
      4.5376795
      4.5733294
      4.6104514
      4.6449462
      4.6826617
      4.7200808
      4.7585494
      4.7959209
      4.8349198
      4.8703321
      4.9062203
      4.9437890
      4.9805588
      5.0189834
      5.0617265
      5.1000753
      5.1386981
      5.1767757
      5.2151522
      5.2557684
      5.2958998
      5.3389436
      5.3794329
      5.4228815
      5.4644267
      5.5053619
      5.5470909
      5.5905891
      5.6314425
      5.6751084
      5.7173434
      5.7591180
      5.7998363
      5.8440185
      5.8891084
      5.9337394
      5.9796455
      6.0250295
      6.0735980
      6.1197154
      6.1670184
      6.2136619
      6.2627125
      6.3107448
      6.3587040
      6.4052700
      6.4531818
      6.4999568
      6.5511304
      6.6008341
      6.6527390
      6.7027340
      6.7534644
      6.8058604
      6.8578912
      6.9103997
      6.9651425
      7.0195619
      7.0735014
      7.1243859
      7.1804593
      7.2349934
      7.2909966
      7.3481623
      7.4025580
      7.4553748
      7.5132215
      7.5701813
      7.6322675
      7.6915052
      7.7474351
      7.8082875
      7.8661392
      7.9267115
      7.9866647
      8.0464958
      8.1053089
      8.1664369
      8.2264995
      8.2861863
      8.3479951
      8.4142840
      8.4792825
      8.5446353
      8.6092355
      8.6718773
      8.7391315
      8.8055067
      8.8745825
      8.9400609
      9.0086381
      9.0733185
      9.1417099
      9.2077353
      9.2770675
      9.3456537
      9.4133634
      9.4872390
      9.5632886
      9.6370805
      9.7113365
      9.7862335
      9.8580137
      9.9316776
      10.006523
      10.080284
      10.156894
      10.233000
      10.315047
      10.394570
      10.470292
      10.551771
      10.628569
      10.709361
      10.791073
      10.873299
      10.956261
      11.040989
      11.127448
      11.210208
      11.297694
      11.385496
      11.473380
      11.557826
      11.641832
      11.734025
      11.813250
      11.899490
      11.991624
      12.080220
      12.169838
      12.263161
      12.354927
      12.445833
      12.542298
      12.639259
      12.732965
      12.827259
      12.923435
      13.019311
      13.122138
      13.223685
      13.317742
      13.420529
      13.522762
      13.623447
      13.724258
      13.827740
      13.925485
      14.022673
      14.128119
      14.230085
      14.336659
      14.436923
      14.545982
      14.658040
      14.770164
      14.879945
      14.994708
      15.114303
      15.229249
      15.342074
      15.455377
      15.571678
      15.686788
      15.814392
      15.933524
      16.056189
      16.176497
      16.299176
      16.417253
      16.537896
      16.666449
      16.791954
      16.919812
      17.052121
      17.180381
      17.313310
      17.448421
      17.576594
      17.705541
      17.837633
      17.973324
      18.105955
      18.239091
      18.373755
      18.517496
      18.653008
      18.785782
      18.931987
      19.076638
      19.220380
      19.364752
      19.512846
      19.665397
      19.815828
      19.964790
      20.118281
      20.277347
      20.427602
      20.585101
      20.749990
      20.895873
      21.050876
      21.211620
      21.376028
      21.532078
      21.691952
      21.855527
      22.024598
      22.197181
      22.366268
      22.531080
      22.693502
      22.861830
      23.022557
      23.195855
      23.361401
      23.532641
      23.710293
      23.887877
      24.071936
      24.246038
      24.428961
      24.619570
      24.803870
      24.994640
      25.188006
      25.374774
      25.561871
      25.757591
      25.956195
      26.155357
      26.354380
      26.545299
      26.740451
      26.940112
      27.142823
      27.342545
      27.543350
      27.758198
      27.960661
      28.163223
      28.374819
      28.593391
      28.801962
      29.021447
      29.240178
      29.464479
      29.675465
      29.896012
      30.119529
      30.347640
      30.574650
      30.802819
      31.033998
      31.261733
      31.505992
      31.757927
      32.002587
      32.250711
      32.500337
      32.735597
      32.971699
      33.220741
      33.465880
      33.727695
      33.989060
      34.247061
      34.501846
      34.751949
      35.022912
      35.302576
      35.571748
      35.841253
      36.124229
      36.392214
      36.664710
      36.948200
      37.227769
      37.517609
      37.810894
      38.086901
      38.377152
      38.677402
      38.987698
      39.279943
      39.584688
      39.891639
      40.202294
      40.509155
      40.808695
      41.128179
      41.450133
      41.752013
      42.066088
      42.405720
      42.737842
      43.068156
      43.385854
      43.721827
      44.038173
      44.367847
      44.709462
      45.050540
      45.373777
      45.723108
      46.071633
      46.414293
      46.789993
      47.143430
      47.507250
      47.859994
      48.260650
      48.625021
      49.001136
      49.373142
      49.745413
      50.110136
      50.492485
      50.865631
      51.256988
      51.665111
      52.071602
      52.454855
      52.855223
      53.276849
      53.701010
      54.114760
      54.512291
      54.925906
      55.357668
      55.771859
      56.212707
      56.646217
      57.076153
      57.488968
      57.916620
      58.340481
      58.793287
      59.259979
      59.713993
      60.163053
      60.638123
      61.099276
      61.583800
      62.046220
      62.524493
      63.013282
      63.486674
      63.962037
      64.457180
      64.979209
      65.463463
      65.991905
      66.487504
      67.003712
      67.528999
      68.033372
      68.543163
      69.079442
      69.642551
      70.176049
      70.677500
      71.234180
      71.819377
      72.341027
      72.920429
      73.465233
      73.997131
      74.514586
      75.094142
      75.689302
      76.275265
      76.888131
      77.486290
      78.070905
      78.663789
      79.249978
      79.869061
      80.483943
      81.085860
      81.724582
      82.311745
      82.940555
      83.614056
      84.292652
      84.942266
      85.577273
      86.220320
      86.928140
      87.608381
      88.285541
      89.018079
      89.741955
      90.407421
      91.103787
      91.817305
      92.531110
      93.245073
      93.973414
      94.684397
      95.437111
      96.143869
      96.902588
      97.654771
      98.417766
      99.196357
      99.965619
      100.73542
      101.46749
      102.24933
      103.02588
      103.80630
      104.62484
      105.45509
      106.24040
      107.03554
      107.83665
      108.68157
      109.46813
      110.33025
      111.23466
      112.15570
      113.07403
      113.94046
      114.81953
      115.72021
      116.63165
      117.56022
      118.45418
      119.37440
      120.36114
      121.32295
      122.26546
      123.20567
      124.16623
      125.13027
      126.15234
      127.13617
      128.12033
      129.11698
      130.06955
      131.13277
      132.22339
      133.27280
      134.32473
      135.34788
      136.42891
      137.51341
      138.56598
      139.69467
      140.79433
      141.91821
      143.04377
      144.22262
      145.28292
      146.45266
      147.57055
      148.76683
      149.96308
      151.16972
      152.39362
      153.53217
      154.78446
      155.92252
      157.13924
      158.41219
      159.74608
      161.02125
      162.40089
      163.69192
      165.06165
      166.41068
      167.75979
      169.11507
      170.51747
      171.94120
      173.34296
      174.78729
      176.17618
      177.58273
      178.99256
      180.52974
      181.93823
      183.41654
      184.91811
      186.40872
      187.94403
      189.47513
      191.00158
      192.57308
      194.18769
      195.86022
      197.49646
      199.12322
      200.74622
      202.41897
      204.10000
      205.78264
      207.47039
      209.18800
      210.90631
      212.55540
      214.27420
      216.07849
      217.96268
      219.85584
      221.67887
      223.56134
      225.43191
      227.40407
      229.43676
      231.33536
      233.37662
      235.22895
      237.29089
      239.35556
      241.25470
      243.19859
      245.26802
      247.35505
      249.46112
      251.57569
      253.65359
      255.86365
      258.02650
      260.17754
      262.42176
      264.63832
      266.92404
      269.21628
      271.41438
      273.67889
      276.12129
      278.52252
      280.85654
      283.27613
      285.73409
      288.08749
      290.67389
      293.23602
      295.75716
      298.36514
      300.86864
      303.35302
      305.81123
      308.23062
      311.02435
      313.81553
      316.43965
      319.26591
      322.14651
      324.98609
      327.72622
      330.75598
      333.65740
      336.62132
      339.56899
      342.67409
      345.81813
      348.91924
      352.18270
      355.34369
      358.59629
      361.69373
      364.98735
      368.50924
      371.81521
      375.21930
      378.93301
      382.28758
      385.60381
      389.20104
      392.70943
      396.40067
      400.01639
      403.78967
      407.52253
      411.33314
      415.32155
      419.20802
      423.18912
      426.97669
      431.14314
      435.27198
      439.41132
      443.52482
      447.94675
      452.18615
      456.58711
      461.08228
      465.64014
      470.40650
      474.99556
      479.65177
      484.50600
      489.55601
      494.17242
      498.92388
      504.07253
      509.10839
      514.07372
      519.56485
      525.14982
      530.73574
      536.33095
      541.91289
      547.82267
      553.63100
      559.35432
      565.67636
      571.96238
      578.34202
      584.76431
      591.41984
      598.34874
      605.31255
      612.42767
      619.36032
      626.56062
      633.82097
      641.13835
      649.83556
      657.87651
      666.19906
      674.78262
      683.79714
      692.55057
      702.22366
      712.18794
      722.38863
      732.73998
      743.43232
      754.25074
      765.92235
      777.91426
      789.95122
      803.21291
      816.95353
      832.42273
      847.18245
      864.16215
      882.84638
      902.87976
      924.07959
      947.82937
      973.63903
      1003.7666
      1038.6569
      1079.4087
      1129.3603
      1195.3354
      1288.3516
      1467.7553
