     0.25160621
     0.31151935
     0.35211044
     0.38396245
     0.41058551
     0.43430671
     0.45507306
     0.47423433
     0.49299187
     0.51036808
     0.52711940
     0.54370817
     0.55801886
     0.57245096
     0.58595013
     0.59963197
     0.61256995
     0.62441139
     0.63730838
     0.64898154
     0.66066672
     0.67251321
     0.68340776
     0.69466292
     0.70541235
     0.71602137
     0.72650776
     0.73702585
     0.74741599
     0.75785184
     0.76785349
     0.77766935
     0.78766970
     0.79734236
     0.80632157
     0.81587659
     0.82480018
     0.83403208
     0.84299197
     0.85231018
     0.86147245
     0.87064516
     0.87928320
     0.88827595
     0.89722134
     0.90571386
     0.91447321
     0.92358356
     0.93233070
     0.94099564
     0.94981853
     0.95832101
     0.96678592
     0.97505441
     0.98351931
     0.99242632
      1.0014608
      1.0099268
      1.0187554
      1.0275377
      1.0360931
      1.0442220
      1.0528480
      1.0611347
      1.0693565
      1.0778610
      1.0862524
      1.0946490
      1.1030939
      1.1110867
      1.1192267
      1.1279450
      1.1365900
      1.1453813
      1.1535548
      1.1618530
      1.1704995
      1.1785312
      1.1872583
      1.1956813
      1.2045824
      1.2137857
      1.2221758
      1.2303804
      1.2387049
      1.2468059
      1.2547188
      1.2630570
      1.2716966
      1.2803021
      1.2886756
      1.2970698
      1.3056937
      1.3146519
      1.3232818
      1.3325429
      1.3415330
      1.3500790
      1.3588303
      1.3675853
      1.3762816
      1.3850894
      1.3934639
      1.4024296
      1.4116654
      1.4208646
      1.4296374
      1.4382139
      1.4477219
      1.4563752
      1.4653858
      1.4738840
      1.4827904
      1.4920414
      1.5010656
      1.5099503
      1.5196551
      1.5290734
      1.5377430
      1.5472476
      1.5564659
      1.5655873
      1.5749633
      1.5850237
      1.5943281
      1.6040165
      1.6134566
      1.6230203
      1.6334124
      1.6430777
      1.6528798
      1.6625033
      1.6726273
      1.6823006
      1.6923554
      1.7024810
      1.7127851
      1.7230418
      1.7338599
      1.7446062
      1.7547476
      1.7648749
      1.7760461
      1.7864506
      1.7966820
      1.8067165
      1.8175962
      1.8285235
      1.8390955
      1.8504954
      1.8616176
      1.8725912
      1.8829919
      1.8940429
      1.9051353
      1.9159115
      1.9276503
      1.9399111
      1.9512762
      1.9632273
      1.9749039
      1.9865361
      1.9977635
      2.0095249
      2.0216146
      2.0336619
      2.0454456
      2.0571807
      2.0693328
      2.0815036
      2.0940008
      2.1069801
      2.1191763
      2.1311000
      2.1433011
      2.1558743
      2.1691711
      2.1820279
      2.1952231
      2.2081470
      2.2219261
      2.2352593
      2.2482908
      2.2618785
      2.2756581
      2.2891098
      2.3031147
      2.3165338
      2.3308386
      2.3452005
      2.3594423
      2.3742036
      2.3883185
      2.4026452
      2.4173251
      2.4325402
      2.4467808
      2.4623182
      2.4776145
      2.4918917
      2.5067800
      2.5226596
      2.5382401
      2.5539714
      2.5699547
      2.5857485
      2.6017170
      2.6181261
      2.6353442
      2.6518863
      2.6682772
      2.6853061
      2.7024527
      2.7198222
      2.7376545
      2.7548485
      2.7730373
      2.7913993
      2.8101045
      2.8285632
      2.8471933
      2.8639476
      2.8816171
      2.9003537
      2.9180921
      2.9371556
      2.9560894
      2.9748781
      2.9953083
      3.0156516
      3.0351887
      3.0560046
      3.0774600
      3.0990945
      3.1203880
      3.1420253
      3.1635966
      3.1850265
      3.2070895
      3.2290849
      3.2515391
      3.2753423
      3.2980390
      3.3215796
      3.3460358
      3.3692547
      3.3929761
      3.4176074
      3.4413099
      3.4672098
      3.4925072
      3.5176802
      3.5425708
      3.5689983
      3.5950975
      3.6216479
      3.6479511
      3.6748373
      3.7028274
      3.7314348
      3.7592327
      3.7865591
      3.8133012
      3.8418365
      3.8713148
      3.9034263
      3.9345563
      3.9652593
      3.9957032
      4.0256441
      4.0567094
      4.0894635
      4.1214882
      4.1534634
      4.1863470
      4.2203173
      4.2514299
      4.2847696
      4.3209215
      4.3578793
      4.3932503
      4.4293656
      4.4663483
      4.5046238
      4.5418922
      4.5808601
      4.6207705
      4.6577290
      4.6965480
      4.7352773
      4.7753938
      4.8160645
      4.8576180
      4.8996524
      4.9421489
      4.9842927
      5.0259830
      5.0708284
      5.1134451
      5.1585889
      5.2032612
      5.2519313
      5.2997287
      5.3475589
      5.3931826
      5.4392672
      5.4880449
      5.5369852
      5.5841347
      5.6354838
      5.6866158
      5.7388392
      5.7952663
      5.8467805
      5.9019113
      5.9563102
      6.0124420
      6.0657377
      6.1200783
      6.1760545
      6.2331645
      6.2888216
      6.3444401
      6.4044262
      6.4681912
      6.5284186
      6.5904948
      6.6547856
      6.7205757
      6.7844206
      6.8516451
      6.9180863
      6.9814557
      7.0437289
      7.1109863
      7.1819383
      7.2493089
      7.3171941
      7.3922512
      7.4633401
      7.5361180
      7.6117569
      7.6859733
      7.7569070
      7.8326646
      7.9095399
      7.9869545
      8.0655107
      8.1501774
      8.2278053
      8.3131361
      8.3980003
      8.4812962
      8.5631711
      8.6509851
      8.7349519
      8.8204479
      8.9063084
      8.9957994
      9.0812705
      9.1702737
      9.2598903
      9.3567272
      9.4481297
      9.5436212
      9.6429169
      9.7412276
      9.8401947
      9.9360599
      10.034766
      10.137577
      10.242724
      10.347264
      10.450431
      10.554756
      10.659390
      10.766286
      10.870960
      10.985568
      11.094618
      11.200489
      11.313971
      11.430604
      11.539637
      11.656889
      11.776682
      11.891483
      12.008629
      12.119495
      12.235522
      12.356318
      12.479357
      12.599013
      12.721550
      12.848582
      12.971596
      13.097657
      13.232991
      13.359346
      13.483740
      13.619305
      13.748795
      13.884198
      14.014551
      14.150484
      14.279936
      14.415307
      14.552325
      14.692562
      14.837196
      14.980725
      15.127393
      15.274139
      15.418021
      15.565928
      15.709045
      15.855822
      16.009925
      16.169946
      16.324391
      16.482570
      16.631063
      16.782193
      16.944294
      17.105679
      17.266409
      17.431952
      17.593253
      17.748655
      17.918310
      18.081588
      18.260441
      18.417835
      18.592067
      18.759528
      18.944894
      19.108073
      19.291117
      19.464457
      19.636673
      19.812945
      19.997540
      20.176635
      20.354806
      20.537147
      20.720661
      20.909815
      21.096982
      21.286633
      21.473325
      21.663729
      21.848148
      22.042624
      22.233769
      22.430772
      22.631672
      22.838321
      23.029112
      23.232615
      23.427339
      23.631283
      23.835318
      24.042621
      24.242952
      24.455392
      24.672250
      24.883482
      25.082716
      25.288748
      25.506480
      25.720806
      25.935952
      26.153289
      26.380252
      26.612980
      26.833934
      27.052918
      27.278784
      27.506092
      27.732330
      27.945164
      28.167131
      28.390821
      28.617294
      28.852985
      29.081002
      29.329003
      29.569088
      29.796198
      30.037319
      30.271865
      30.515166
      30.756004
      31.008364
      31.254841
      31.496923
      31.751265
      32.001331
      32.248613
      32.494791
      32.745389
      32.987355
      33.252969
      33.526530
      33.777419
      34.046262
      34.293338
      34.551865
      34.820319
      35.089863
      35.349040
      35.615524
      35.880712
      36.144756
      36.416584
      36.687885
      36.964847
      37.243052
      37.515100
      37.789362
      38.052709
      38.321844
      38.602182
      38.874622
      39.156889
      39.451682
      39.730220
      40.032402
      40.339178
      40.652956
      40.937171
      41.226356
      41.518639
      41.827949
      42.106577
      42.423424
      42.715643
      43.016664
      43.312858
      43.613976
      43.925528
      44.216484
      44.536389
      44.853579
      45.155974
      45.469200
      45.771019
      46.079579
      46.418660
      46.753301
      47.063260
      47.397033
      47.713044
      48.039544
      48.382413
      48.725091
      49.061312
      49.393789
      49.712990
      50.064089
      50.405428
      50.757551
      51.101502
      51.449479
      51.772939
      52.115061
      52.465973
      52.799134
      53.172968
      53.516447
      53.848147
      54.211328
      54.559761
      54.932664
      55.272385
      55.632811
      55.976895
      56.340214
      56.716230
      57.105895
      57.487577
      57.851579
      58.248752
      58.612683
      59.002318
      59.364491
      59.742932
      60.124399
      60.506433
      60.884407
      61.251613
      61.656171
      62.047025
      62.445566
      62.829533
      63.198452
      63.601520
      64.008041
      64.391969
      64.801230
      65.204826
      65.589140
      65.990222
      66.390768
      66.805010
      67.208188
      67.628417
      68.046699
      68.448613
      68.857078
      69.302817
      69.708820
      70.115919
      70.560200
      70.983260
      71.422770
      71.861063
      72.309019
      72.740628
      73.181210
      73.612736
      74.058241
      74.504255
      74.947872
      75.398419
      75.836884
      76.286472
      76.730149
      77.204347
      77.670737
      78.122543
      78.573225
      79.019031
      79.492063
      79.967263
      80.417441
      80.899356
      81.351344
      81.829101
      82.307460
      82.783664
      83.269698
      83.762286
      84.253656
      84.736395
      85.240986
      85.717848
      86.191069
      86.700699
      87.180464
      87.671236
      88.167694
      88.647653
      89.152871
      89.644221
      90.158356
      90.658434
      91.159140
      91.682086
      92.219497
      92.734091
      93.275950
      93.785132
      94.315513
      94.848823
      95.331018
      95.851211
      96.368918
      96.883023
      97.435889
      97.967616
      98.495306
      99.045997
      99.602022
      100.17689
      100.68486
      101.23724
      101.79597
      102.34552
      102.88271
      103.42317
      103.99052
      104.56247
      105.12928
      105.71361
      106.32448
      106.88991
      107.43327
      108.01237
      108.57925
      109.14771
      109.72020
      110.32214
      110.92516
      111.51429
      112.08937
      112.68058
      113.30187
      113.90717
      114.50024
      115.10907
      115.71849
      116.34640
      116.93843
      117.58916
      118.21166
      118.83635
      119.46063
      120.07254
      120.69271
      121.31085
      121.94146
      122.56989
      123.20306
      123.85581
      124.49001
      125.15027
      125.78617
      126.44650
      127.10316
      127.76255
      128.45325
      129.12327
      129.79672
      130.46266
      131.13336
      131.77503
      132.47739
      133.13679
      133.80473
      134.53475
      135.22172
      135.94709
      136.63764
      137.31469
      137.97688
      138.68807
      139.42553
      140.12513
      140.83420
      141.51834
      142.27215
      143.01119
      143.77051
      144.47683
      145.23518
      145.95761
      146.69919
      147.45753
      148.24428
      148.95363
      149.70962
      150.49159
      151.27091
      152.02205
      152.75398
      153.49459
      154.25174
      154.98934
      155.75818
      156.52805
      157.32509
      158.13793
      158.92545
      159.66182
      160.42698
      161.16889
      162.00537
      162.85798
      163.66613
      164.44760
      165.29304
      166.14134
      167.01208
      167.86004
      168.69403
      169.52084
      170.40200
      171.20767
      172.06278
      172.90733
      173.79896
      174.62591
      175.47438
      176.31138
      177.14990
      178.04188
      178.90493
      179.78192
      180.67023
      181.59111
      182.53132
      183.40549
      184.35856
      185.28551
      186.20070
      187.08781
      188.04579
      188.97755
      189.88858
      190.82093
      191.77703
      192.71152
      193.68171
      194.63284
      195.58212
      196.58296
      197.54552
      198.49225
      199.44230
      200.47511
      201.48757
      202.47140
      203.41449
      204.42657
      205.44605
      206.46699
      207.47308
      208.48463
      209.47366
      210.42418
      211.48612
      212.53825
      213.57213
      214.66084
      215.71368
      216.77169
      217.86280
      218.91169
      219.96487
      221.07762
      222.13131
      223.20362
      224.29975
      225.41696
      226.53707
      227.70027
      228.80489
      229.91697
      231.05718
      232.16652
      233.31137
      234.44469
      235.57055
      236.70700
      237.88895
      239.09078
      240.22996
      241.44701
      242.68142
      243.85376
      245.05740
      246.23446
      247.45651
      248.64546
      249.85010
      251.07045
      252.26870
      253.50573
      254.74186
      255.99752
      257.26992
      258.48852
      259.78101
      261.12616
      262.34968
      263.62313
      264.97170
      266.27618
      267.63734
      268.92925
      270.27486
      271.63674
      272.95043
      274.31134
      275.72929
      277.07521
      278.52521
      279.94438
      281.37796
      282.84111
      284.29987
      285.74770
      287.25874
      288.63459
      290.05511
      291.58151
      293.11371
      294.53989
      296.05504
      297.56082
      299.03533
      300.51293
      302.10323
      303.65288
      305.21012
      306.82723
      308.47016
      310.04355
      311.58955
      313.30600
      314.97702
      316.62892
      318.28030
      319.89671
      321.56402
      323.21669
      324.82080
      326.50988
      328.20707
      329.89257
      331.55784
      333.41372
      335.16626
      336.91415
      338.74422
      340.53934
      342.39037
      344.18298
      346.06093
      347.95126
      349.87354
      351.88019
      353.80090
      355.76250
      357.65559
      359.54040
      361.54382
      363.53004
      365.59985
      367.59706
      369.68454
      371.73327
      373.85658
      375.88360
      377.97559
      380.06357
      382.24259
      384.36604
      386.38339
      388.75251
      390.94576
      393.18594
      395.52796
      397.82622
      400.10892
      402.49150
      405.03092
      407.47728
      409.87297
      412.43128
      414.96694
      417.43446
      420.05475
      422.80401
      425.45837
      428.25753
      431.08245
      433.95525
      436.74203
      439.56035
      442.40873
      445.40076
      448.30605
      451.35667
      454.43159
      457.47343
      460.53171
      463.78234
      467.17424
      470.36193
      473.73579
      477.05479
      480.72629
      484.42502
      488.07751
      491.83284
      495.86761
      499.98826
      504.23887
      508.59951
      513.31615
      518.00353
      522.77396
      528.10527
      533.57905
      539.17846
      545.61652
      552.03675
      558.76548
      566.54671
      574.17379
      583.72989
      593.94156
      605.40157
      618.60713
      635.62209
      656.05043
      685.94327
      743.10304
