   0.0033858882
   0.0066299950
   0.0098738588
    0.013076350
    0.016508419
    0.019838479
    0.023138302
    0.026435132
    0.029881141
    0.033294764
    0.036759074
    0.040100008
    0.043550347
    0.047017005
    0.050352834
    0.053859609
    0.057487213
    0.060900344
    0.064646276
    0.068403917
    0.072107960
    0.075756359
    0.079231148
    0.082581082
    0.086244663
    0.089787806
    0.093557937
    0.097317930
     0.10083680
     0.10468777
     0.10844062
     0.11225615
     0.11614303
     0.12009589
     0.12394755
     0.12771502
     0.13160034
     0.13536608
     0.13935285
     0.14312747
     0.14702800
     0.15108577
     0.15517278
     0.15918418
     0.16314259
     0.16689910
     0.17094520
     0.17498756
     0.17916646
     0.18333958
     0.18729766
     0.19150162
     0.19537341
     0.19961090
     0.20381012
     0.20817346
     0.21222811
     0.21646155
     0.22073323
     0.22499233
     0.22938693
     0.23361403
     0.23811073
     0.24259421
     0.24694743
     0.25137634
     0.25574231
     0.26003944
     0.26451557
     0.26892844
     0.27362777
     0.27817090
     0.28275927
     0.28727655
     0.29190424
     0.29673181
     0.30164039
     0.30642198
     0.31106053
     0.31564879
     0.32031094
     0.32487357
     0.32949940
     0.33461940
     0.33954166
     0.34414003
     0.34904262
     0.35405409
     0.35895855
     0.36378883
     0.36872834
     0.37372419
     0.37872528
     0.38365636
     0.38865897
     0.39351528
     0.39891106
     0.40382222
     0.40890231
     0.41429791
     0.41929236
     0.42464201
     0.42993239
     0.43507322
     0.44070201
     0.44618723
     0.45148282
     0.45682025
     0.46229694
     0.46792712
     0.47373568
     0.47962548
     0.48518314
     0.49065909
     0.49639642
     0.50216998
     0.50766486
     0.51340716
     0.51918261
     0.52457191
     0.53042706
     0.53643160
     0.54245382
     0.54823637
     0.55437248
     0.56034123
     0.56637337
     0.57243230
     0.57849812
     0.58466286
     0.59083857
     0.59687195
     0.60313146
     0.60959793
     0.61604690
     0.62248070
     0.62912787
     0.63554713
     0.64244175
     0.64905011
     0.65573195
     0.66211159
     0.66850065
     0.67498277
     0.68163790
     0.68843751
     0.69553772
     0.70242757
     0.70975582
     0.71644393
     0.72371059
     0.73081774
     0.73764867
     0.74508398
     0.75247114
     0.75956153
     0.76689129
     0.77409792
     0.78130025
     0.78895656
     0.79688288
     0.80468987
     0.81218839
     0.82002116
     0.82782101
     0.83611220
     0.84433459
     0.85189342
     0.86005447
     0.86862571
     0.87661628
     0.88516276
     0.89316326
     0.90156362
     0.90993836
     0.91852789
     0.92722912
     0.93647328
     0.94473549
     0.95352677
     0.96241873
     0.97094649
     0.98024655
     0.98903476
     0.99810096
      1.0071374
      1.0157748
      1.0250944
      1.0346387
      1.0437617
      1.0527706
      1.0625534
      1.0721317
      1.0820714
      1.0921301
      1.1017212
      1.1119327
      1.1217908
      1.1318703
      1.1421907
      1.1526499
      1.1627917
      1.1732977
      1.1841650
      1.1945911
      1.2054530
      1.2164312
      1.2273532
      1.2380817
      1.2496940
      1.2606651
      1.2721439
      1.2828408
      1.2948928
      1.3068161
      1.3179071
      1.3292351
      1.3409161
      1.3525009
      1.3647411
      1.3766303
      1.3885615
      1.3995792
      1.4120407
      1.4247220
      1.4375964
      1.4500947
      1.4625439
      1.4761104
      1.4890533
      1.5023358
      1.5159391
      1.5299481
      1.5431544
      1.5576744
      1.5716413
      1.5854804
      1.5992729
      1.6137196
      1.6271774
      1.6418700
      1.6566134
      1.6709091
      1.6857121
      1.6996660
      1.7142428
      1.7298780
      1.7453071
      1.7601247
      1.7757188
      1.7910502
      1.8062546
      1.8221760
      1.8386396
      1.8555369
      1.8714008
      1.8874047
      1.9032547
      1.9192513
      1.9362286
      1.9534371
      1.9697071
      1.9871068
      2.0040265
      2.0210092
      2.0386880
      2.0566618
      2.0745350
      2.0925055
      2.1106120
      2.1277073
      2.1458656
      2.1641063
      2.1824993
      2.2008723
      2.2204610
      2.2397842
      2.2583895
      2.2777898
      2.2988459
      2.3191747
      2.3393818
      2.3593319
      2.3788495
      2.3987410
      2.4188704
      2.4399006
      2.4600404
      2.4819209
      2.5032586
      2.5239557
      2.5462415
      2.5680884
      2.5904071
      2.6126731
      2.6342103
      2.6567524
      2.6794937
      2.7014666
      2.7247108
      2.7493020
      2.7728432
      2.7969151
      2.8204759
      2.8447002
      2.8691479
      2.8936602
      2.9195038
      2.9443821
      2.9680184
      2.9927344
      3.0175255
      3.0433049
      3.0686790
      3.0950603
      3.1223342
      3.1481375
      3.1752338
      3.2020332
      3.2289746
      3.2560808
      3.2830861
      3.3104031
      3.3375841
      3.3649247
      3.3909596
      3.4202394
      3.4483604
      3.4770071
      3.5055355
      3.5347250
      3.5647008
      3.5951257
      3.6252367
      3.6553925
      3.6850089
      3.7158878
      3.7480318
      3.7802041
      3.8123810
      3.8453633
      3.8789290
      3.9107545
      3.9432496
      3.9771409
      4.0094764
      4.0440656
      4.0758807
      4.1104713
      4.1475062
      4.1810549
      4.2156427
      4.2518082
      4.2856563
      4.3223573
      4.3569716
      4.3929541
      4.4288640
      4.4649802
      4.5023357
      4.5378494
      4.5755264
      4.6137191
      4.6513951
      4.6894367
      4.7262991
      4.7654171
      4.8032133
      4.8419165
      4.8817680
      4.9225909
      4.9645577
      5.0039875
      5.0453486
      5.0856273
      5.1293226
      5.1731952
      5.2159391
      5.2589734
      5.3030798
      5.3474616
      5.3953729
      5.4422221
      5.4847591
      5.5294480
      5.5734645
      5.6200201
      5.6671868
      5.7140412
      5.7607127
      5.8062733
      5.8541016
      5.9039303
      5.9537099
      6.0028228
      6.0536216
      6.1060089
      6.1557485
      6.2065290
      6.2597000
      6.3108853
      6.3644803
      6.4182489
      6.4721380
      6.5255140
      6.5765879
      6.6294914
      6.6808191
      6.7363745
      6.7907047
      6.8471586
      6.9049942
      6.9593100
      7.0165265
      7.0743416
      7.1323635
      7.1900246
      7.2481452
      7.3048426
      7.3641477
      7.4239785
      7.4808546
      7.5389817
      7.5967125
      7.6606825
      7.7169227
      7.7802279
      7.8438200
      7.9043485
      7.9686860
      8.0318524
      8.0975574
      8.1647629
      8.2320442
      8.2975007
      8.3665484
      8.4327771
      8.4998803
      8.5654996
      8.6320314
      8.7056164
      8.7755856
      8.8504518
      8.9212371
      8.9898291
      9.0631885
      9.1349637
      9.2111861
      9.2824716
      9.3551321
      9.4324530
      9.5110670
      9.5861114
      9.6636221
      9.7442599
      9.8253653
      9.9037503
      9.9816735
      10.062201
      10.142436
      10.223210
      10.306500
      10.391035
      10.473367
      10.555210
      10.641910
      10.724727
      10.808880
      10.894517
      10.975044
      11.064243
      11.154091
      11.241061
      11.330927
      11.418218
      11.511583
      11.602982
      11.692866
      11.785090
      11.880123
      11.978028
      12.074103
      12.169002
      12.266297
      12.360259
      12.454541
      12.552230
      12.653478
      12.757936
      12.866945
      12.970467
      13.073055
      13.181914
      13.280133
      13.385918
      13.493754
      13.599539
      13.708227
      13.821198
      13.927439
      14.035639
      14.153346
      14.265549
      14.378453
      14.495584
      14.611694
      14.728422
      14.843779
      14.966615
      15.080797
      15.201065
      15.316376
      15.444863
      15.564807
      15.688231
      15.808326
      15.930711
      16.055716
      16.182728
      16.314381
      16.437923
      16.558564
      16.694423
      16.823684
      16.956014
      17.099608
      17.242169
      17.383625
      17.517645
      17.660740
      17.793544
      17.928173
      18.069874
      18.218281
      18.363296
      18.507886
      18.653453
      18.803677
      18.950781
      19.099152
      19.246455
      19.404454
      19.551589
      19.694733
      19.850247
      20.012408
      20.172169
      20.328617
      20.483741
      20.641078
      20.804648
      20.968570
      21.126206
      21.291433
      21.457526
      21.628051
      21.798221
      21.964238
      22.152046
      22.323306
      22.496992
      22.678591
      22.859562
      23.039997
      23.217880
      23.403874
      23.589164
      23.766311
      23.946557
      24.134903
      24.318529
      24.505492
      24.697175
      24.883449
      25.068051
      25.263454
      25.471580
      25.668464
      25.880932
      26.083136
      26.277081
      26.481995
      26.697445
      26.901507
      27.112818
      27.327923
      27.530655
      27.739026
      27.958945
      28.182159
      28.403708
      28.629436
      28.857209
      29.071154
      29.291953
      29.528438
      29.760597
      29.997307
      30.241064
      30.470670
      30.700648
      30.952951
      31.200803
      31.472164
      31.725215
      31.968821
      32.221402
      32.476410
      32.727198
      32.996345
      33.248779
      33.516033
      33.778777
      34.037413
      34.314059
      34.577713
      34.853870
      35.134658
      35.412613
      35.694243
      35.969410
      36.237924
      36.514129
      36.800890
      37.081423
      37.367458
      37.656002
      37.952850
      38.252682
      38.543203
      38.851914
      39.147319
      39.470374
      39.780967
      40.087987
      40.390152
      40.715244
      41.024864
      41.328287
      41.644132
      41.968441
      42.287127
      42.614864
      42.931670
      43.269049
      43.619146
      43.969443
      44.316104
      44.650121
      44.998799
      45.333240
      45.689454
      46.045468
      46.410938
      46.774516
      47.112865
      47.464333
      47.840307
      48.200829
      48.577796
      48.958149
      49.309956
      49.692567
      50.100617
      50.485159
      50.862805
      51.266647
      51.634005
      52.039350
      52.446620
      52.854335
      53.276504
      53.709425
      54.112939
      54.536269
      54.962753
      55.378059
      55.816687
      56.247746
      56.677309
      57.103276
      57.525426
      57.976064
      58.456180
      58.905385
      59.347738
      59.815301
      60.281106
      60.722688
      61.205939
      61.687741
      62.197302
      62.683113
      63.159512
      63.644511
      64.124197
      64.607722
      65.086088
      65.607688
      66.115117
      66.629301
      67.117011
      67.619641
      68.149440
      68.680209
      69.202796
      69.766936
      70.315669
      70.859338
      71.415251
      71.942362
      72.519300
      73.077632
      73.604035
      74.159458
      74.717175
      75.310282
      75.895339
      76.480907
      77.113360
      77.751621
      78.361250
      79.000316
      79.595900
      80.202228
      80.855545
      81.504163
      82.135886
      82.744728
      83.371536
      84.009013
      84.692403
      85.363461
      85.975511
      86.653353
      87.319976
      88.025672
      88.696493
      89.376016
      90.090146
      90.772149
      91.474822
      92.194867
      92.915061
      93.667326
      94.389445
      95.084634
      95.836966
      96.567824
      97.308607
      98.032623
      98.834231
      99.571901
      100.33027
      101.13062
      101.92014
      102.67208
      103.48761
      104.28278
      105.13824
      105.98164
      106.81911
      107.63028
      108.45346
      109.31949
      110.17362
      111.06580
      111.94499
      112.86272
      113.71170
      114.61727
      115.49926
      116.37088
      117.30194
      118.22501
      119.12457
      120.08055
      121.00536
      121.91440
      122.92580
      123.93399
      124.97546
      125.96190
      126.99639
      127.99427
      128.98692
      130.01341
      131.00355
      132.06434
      133.12555
      134.13537
      135.19370
      136.25997
      137.34248
      138.43250
      139.57834
      140.67605
      141.78357
      142.81055
      143.89567
      145.13666
      146.26035
      147.41784
      148.58901
      149.78136
      151.02940
      152.29096
      153.54565
      154.73960
      155.97176
      157.27953
      158.50799
      159.78993
      161.03929
      162.37322
      163.67987
      165.00136
      166.32905
      167.66942
      169.04174
      170.42915
      171.82092
      173.22855
      174.66371
      176.18339
      177.62072
      179.00090
      180.47934
      181.97189
      183.39956
      184.89439
      186.47721
      187.97039
      189.51094
      191.13380
      192.65064
      194.16613
      195.82569
      197.43673
      199.02828
      200.65388
      202.31887
      203.98559
      205.64258
      207.23311
      208.82028
      210.55301
      212.25714
      213.95406
      215.71420
      217.51981
      219.30790
      221.07359
      222.90192
      224.78249
      226.79009
      228.68743
      230.57210
      232.50491
      234.49078
      236.41523
      238.42250
      240.52780
      242.51930
      244.51713
      246.57589
      248.69771
      250.71123
      252.79838
      254.98684
      257.13138
      259.47799
      261.56180
      263.77826
      266.11489
      268.41468
      270.75853
      273.03421
      275.31484
      277.71013
      280.08299
      282.33610
      284.70372
      287.20387
      289.70152
      292.12932
      294.61282
      297.15398
      299.69472
      302.35895
      304.94124
      307.76570
      310.58569
      313.22242
      316.08148
      318.86164
      321.59888
      324.31199
      327.04310
      329.82333
      332.70374
      335.65194
      338.64604
      341.55186
      344.55142
      347.58729
      350.68050
      353.78447
      357.05003
      360.28107
      363.53329
      366.94992
      370.26091
      373.58338
      377.02007
      380.39352
      383.69592
      387.20137
      390.63157
      394.02889
      397.70626
      401.16040
      404.99676
      408.79603
      412.55320
      416.42051
      420.12093
      423.98528
      427.93443
      431.96902
      436.04886
      440.22965
      444.23257
      448.36153
      452.71558
      457.02248
      461.51044
      465.96813
      470.37879
      474.93524
      479.83527
      484.49440
      489.48624
      494.51115
      499.46330
      504.50711
      509.53296
      514.65205
      519.99502
      525.48054
      530.81218
      536.56734
      542.15119
      547.67099
      553.34239
      559.66343
      565.70087
      571.84422
      578.16457
      584.92779
      591.68484
      598.35369
      605.28523
      612.08618
      619.38320
      626.59491
      634.39405
      641.91278
      650.35736
      658.72640
      667.05931
      675.67894
      684.37023
      693.33343
      702.72137
      712.18239
      722.34959
      732.45311
      742.77495
      754.05339
      765.59244
      778.33863
      791.41795
      804.97270
      819.00351
      833.34091
      848.78799
      865.17649
      883.61663
      903.81806
      924.57017
      948.23552
      973.84304
      1003.8601
      1037.1090
      1073.6903
      1123.1699
      1185.2315
      1281.8325
      1466.6979
