   0.0010497288
   0.0021175575
   0.0031648620
   0.0042600159
   0.0053099991
   0.0063400230
   0.0073545795
   0.0084196759
   0.0094951445
    0.010560601
    0.011619327
    0.012700092
    0.013825685
    0.014924587
    0.016007092
    0.017109207
    0.018152020
    0.019266998
    0.020370496
    0.021522110
    0.022583596
    0.023684615
    0.024779613
    0.025830469
    0.027007483
    0.028053791
    0.029118274
    0.030243564
    0.031404780
    0.032544376
    0.033674074
    0.034860937
    0.036003656
    0.037110418
    0.038268663
    0.039406489
    0.040593151
    0.041776233
    0.042892232
    0.044026623
    0.045148472
    0.046285702
    0.047463888
    0.048679613
    0.049865647
    0.051026199
    0.052181062
    0.053333178
    0.054498477
    0.055672614
    0.056841998
    0.058063977
    0.059259874
    0.060477320
    0.061691951
    0.062964120
    0.064166659
    0.065403314
    0.066604066
    0.067811991
    0.069052314
    0.070265883
    0.071492894
    0.072744732
    0.073944521
    0.075139664
    0.076381826
    0.077643508
    0.078904353
    0.080212656
    0.081532921
    0.082830007
    0.084104641
    0.085431564
    0.086783893
    0.088047599
    0.089308089
    0.090552998
    0.091866436
    0.093118866
    0.094435664
    0.095833275
    0.097109502
    0.098466040
    0.099775987
     0.10110785
     0.10243096
     0.10379741
     0.10508697
     0.10641895
     0.10780733
     0.10921419
     0.11061462
     0.11195570
     0.11327160
     0.11469247
     0.11600030
     0.11737237
     0.11878593
     0.12009895
     0.12152521
     0.12292980
     0.12440136
     0.12586884
     0.12720222
     0.12867253
     0.13010834
     0.13151904
     0.13290643
     0.13435572
     0.13581937
     0.13725797
     0.13877628
     0.14029645
     0.14185578
     0.14325749
     0.14470873
     0.14622569
     0.14772888
     0.14922490
     0.15075899
     0.15215916
     0.15375377
     0.15525471
     0.15671815
     0.15821800
     0.15977847
     0.16139802
     0.16296903
     0.16453868
     0.16598625
     0.16757627
     0.16922032
     0.17074125
     0.17231262
     0.17385259
     0.17543933
     0.17696382
     0.17858676
     0.18021320
     0.18184158
     0.18349486
     0.18517578
     0.18688536
     0.18846464
     0.19016307
     0.19179437
     0.19342430
     0.19514444
     0.19677732
     0.19847455
     0.20021304
     0.20199058
     0.20369977
     0.20541624
     0.20707644
     0.20876526
     0.21046254
     0.21222193
     0.21390073
     0.21570564
     0.21744802
     0.21914482
     0.22091697
     0.22268175
     0.22450994
     0.22641084
     0.22813514
     0.22993681
     0.23169396
     0.23354713
     0.23538617
     0.23734651
     0.23905575
     0.24102812
     0.24290534
     0.24482216
     0.24674941
     0.24872868
     0.25060465
     0.25257342
     0.25447243
     0.25637353
     0.25830823
     0.26025428
     0.26229069
     0.26426873
     0.26639082
     0.26837500
     0.27033686
     0.27237253
     0.27444248
     0.27650006
     0.27852178
     0.28065053
     0.28271455
     0.28479416
     0.28687143
     0.28896720
     0.29097653
     0.29303820
     0.29494455
     0.29710788
     0.29928079
     0.30145205
     0.30356661
     0.30590814
     0.30817019
     0.31040755
     0.31261988
     0.31470428
     0.31706286
     0.31930088
     0.32165904
     0.32393258
     0.32613777
     0.32843902
     0.33070940
     0.33285353
     0.33511403
     0.33737171
     0.33969239
     0.34205520
     0.34442788
     0.34678432
     0.34916334
     0.35162977
     0.35402646
     0.35655502
     0.35890433
     0.36137416
     0.36394109
     0.36641179
     0.36892075
     0.37150518
     0.37409922
     0.37672174
     0.37936604
     0.38190219
     0.38462921
     0.38716901
     0.38980926
     0.39241158
     0.39515088
     0.39776469
     0.40040632
     0.40316780
     0.40600173
     0.40874088
     0.41147871
     0.41429681
     0.41703251
     0.41977855
     0.42266440
     0.42553927
     0.42839208
     0.43125811
     0.43420333
     0.43729871
     0.44019291
     0.44310453
     0.44633627
     0.44946615
     0.45236453
     0.45561347
     0.45867372
     0.46167882
     0.46477994
     0.46799144
     0.47117548
     0.47432025
     0.47737751
     0.48057294
     0.48389805
     0.48729235
     0.49074015
     0.49403589
     0.49739746
     0.50092105
     0.50432024
     0.50778394
     0.51128691
     0.51480360
     0.51839423
     0.52195257
     0.52553644
     0.52915919
     0.53286758
     0.53646328
     0.54020012
     0.54393257
     0.54765175
     0.55164261
     0.55546098
     0.55920793
     0.56324762
     0.56712690
     0.57103121
     0.57500161
     0.57899926
     0.58316584
     0.58719167
     0.59147498
     0.59586838
     0.60029080
     0.60448591
     0.60912635
     0.61368666
     0.61829256
     0.62282963
     0.62749917
     0.63225975
     0.63689616
     0.64149413
     0.64651786
     0.65122222
     0.65613603
     0.66137317
     0.66621968
     0.67130291
     0.67648763
     0.68173595
     0.68698649
     0.69223184
     0.69798581
     0.70330418
     0.70906606
     0.71468659
     0.72040810
     0.72630892
     0.73207135
     0.73812062
     0.74437799
     0.75029528
     0.75670164
     0.76326533
     0.76948977
     0.77595632
     0.78241868
     0.78949903
     0.79632476
     0.80319615
     0.81029916
     0.81760167
     0.82487780
     0.83237620
     0.84055695
     0.84820014
     0.85581852
     0.86432815
     0.87175618
     0.87993954
     0.88870555
     0.89710749
     0.90581755
     0.91464519
     0.92454306
     0.93354437
     0.94332270
     0.95283581
     0.96268269
     0.97299857
     0.98302764
     0.99333619
      1.0036312
      1.0145445
      1.0256783
      1.0371059
      1.0485144
      1.0602532
      1.0722585
      1.0855006
      1.0994388
      1.1124290
      1.1261263
      1.1394853
      1.1533653
      1.1680817
      1.1821553
      1.1964800
      1.2118880
      1.2282859
      1.2444555
      1.2614560
      1.2789095
      1.2966363
      1.3148813
      1.3326413
      1.3514710
      1.3700973
      1.3877965
      1.4063176
      1.4267759
      1.4473483
      1.4697824
      1.4923153
      1.5150760
      1.5374678
      1.5600471
      1.5841214
      1.6072934
      1.6329393
      1.6580605
      1.6840950
      1.7108712
      1.7384367
      1.7668909
      1.7966156
      1.8266359
      1.8553024
      1.8880466
      1.9186837
      1.9527708
      1.9850930
      2.0185162
      2.0523745
      2.0883388
      2.1250545
      2.1624863
      2.2001881
      2.2366387
      2.2766505
      2.3195726
      2.3593527
      2.4038369
      2.4485965
      2.4930509
      2.5387376
      2.5873212
      2.6348113
      2.6857539
      2.7407494
      2.7944960
      2.8482198
      2.9027131
      2.9588778
      3.0186308
      3.0801736
      3.1395254
      3.1969151
      3.2588490
      3.3197887
      3.3901578
      3.4584876
      3.5284396
      3.5974903
      3.6671247
      3.7387693
      3.8061501
      3.8789655
      3.9537342
      4.0300922
      4.1119176
      4.1910959
      4.2724052
      4.3569243
      4.4439900
      4.5322060
      4.6205457
      4.7116171
      4.8047356
      4.8965942
      4.9926253
      5.0920424
      5.1952682
      5.2909119
      5.3919628
      5.4995941
      5.6115114
      5.7187863
      5.8309729
      5.9394704
      6.0543588
      6.1725133
      6.2910466
      6.4193186
      6.5446195
      6.6695231
      6.8006974
      6.9388702
      7.0709704
      7.1963971
      7.3308336
      7.4705217
      7.6180593
      7.7514618
      7.9003920
      8.0498178
      8.1978335
      8.3536216
      8.4963548
      8.6514014
      8.8088203
      8.9663875
      9.1296513
      9.2956043
      9.4592635
      9.6191839
      9.7914832
      9.9553934
      10.122435
      10.307950
      10.484168
      10.666225
      10.846952
      11.036087
      11.223768
      11.412603
      11.601465
      11.799517
      12.005706
      12.214916
      12.423056
      12.622358
      12.844328
      13.069699
      13.288255
      13.504686
      13.715535
      13.941157
      14.165291
      14.388202
      14.603939
      14.830344
      15.060107
      15.297915
      15.527568
      15.765703
      16.011472
      16.254509
      16.492508
      16.745657
      17.015624
      17.272243
      17.526355
      17.789977
      18.047337
      18.312446
      18.577163
      18.851683
      19.134971
      19.422313
      19.695639
      19.976819
      20.258948
      20.555815
      20.837586
      21.118585
      21.427738
      21.737079
      22.024925
      22.322052
      22.622965
      22.907524
      23.226329
      23.542098
      23.855661
      24.171289
      24.496437
      24.839564
      25.167160
      25.499608
      25.838514
      26.177126
      26.509580
      26.860376
      27.188712
      27.559447
      27.929284
      28.280880
      28.614377
      28.995656
      29.362594
      29.734597
      30.103761
      30.473154
      30.852990
      31.239617
      31.627497
      32.020321
      32.409145
      32.789807
      33.194956
      33.598930
      34.009305
      34.410646
      34.823473
      35.231103
      35.651301
      36.051546
      36.479269
      36.897388
      37.293857
      37.715807
      38.129870
      38.574689
      38.986478
      39.444037
      39.861609
      40.307978
      40.773493
      41.213640
      41.677445
      42.152326
      42.596705
      43.073926
      43.517989
      43.995417
      44.462225
      44.932594
      45.404396
      45.880127
      46.350074
      46.827291
      47.308328
      47.796839
      48.307880
      48.796534
      49.322715
      49.847855
      50.335050
      50.855892
      51.375560
      51.879838
      52.386570
      52.902202
      53.439131
      53.963845
      54.482204
      55.008791
      55.551968
      56.099800
      56.650907
      57.209271
      57.757286
      58.315411
      58.888215
      59.452361
      60.012045
      60.612551
      61.160713
      61.699621
      62.266747
      62.851544
      63.419127
      64.010946
      64.580947
      65.177492
      65.757204
      66.350001
      66.950914
      67.562252
      68.156261
      68.776141
      69.389473
      69.988358
      70.598935
      71.241226
      71.862918
      72.460540
      73.081249
      73.736922
      74.405123
      75.048372
      75.705278
      76.333367
      76.931124
      77.610616
      78.292896
      78.964304
      79.629128
      80.306182
      80.999069
      81.647709
      82.334847
      83.053491
      83.723920
      84.417376
      85.136760
      85.857399
      86.574158
      87.259609
      87.961423
      88.676103
      89.389521
      90.061966
      90.802123
      91.530128
      92.281081
      93.011745
      93.769486
      94.523195
      95.307653
      96.057410
      96.784546
      97.536095
      98.298347
      99.075372
      99.838017
      100.59513
      101.35618
      102.12765
      102.92949
      103.72779
      104.51544
      105.29320
      106.09302
      106.90980
      107.73994
      108.55722
      109.33812
      110.14506
      110.95778
      111.79984
      112.64728
      113.45191
      114.28617
      115.10487
      115.91950
      116.73955
      117.57422
      118.41220
      119.23484
      120.11302
      120.99266
      121.87592
      122.74150
      123.60584
      124.49764
      125.44307
      126.33171
      127.19570
      128.05924
      128.94374
      129.83984
      130.74114
      131.63360
      132.53269
      133.43154
      134.37387
      135.30245
      136.23828
      137.10569
      138.07581
      139.03805
      140.01536
      140.92031
      141.90795
      142.89024
      143.89247
      144.88216
      145.82363
      146.76285
      147.73398
      148.68000
      149.71406
      150.68349
      151.67568
      152.68624
      153.66609
      154.63917
      155.60801
      156.65318
      157.70182
      158.71962
      159.80314
      160.85035
      161.83192
      162.86374
      163.89689
      164.91784
      165.95252
      166.98104
      167.99841
      169.04954
      170.08754
      171.14270
      172.19096
      173.33549
      174.42493
      175.51910
      176.59167
      177.69750
      178.81413
      179.87311
      181.02393
      182.19311
      183.34357
      184.46054
      185.58335
      186.77955
      187.90220
      188.98109
      190.18640
      191.30862
      192.44057
      193.65435
      194.81074
      196.03572
      197.23404
      198.45182
      199.61793
      200.81635
      201.97353
      203.14788
      204.34900
      205.53570
      206.77955
      207.97738
      209.21011
      210.44719
      211.66681
      212.85442
      214.09678
      215.37925
      216.66581
      217.92877
      219.15191
      220.46348
      221.76760
      223.09926
      224.41215
      225.63463
      226.92234
      228.26029
      229.53649
      230.81315
      232.17393
      233.50338
      234.78022
      236.11479
      237.46968
      238.79861
      240.15892
      241.45386
      242.78238
      244.14681
      245.57671
      247.00428
      248.33783
      249.67558
      251.09732
      252.50455
      253.81019
      255.17883
      256.60145
      258.04203
      259.41857
      260.83425
      262.24892
      263.71275
      265.12625
      266.62451
      268.11180
      269.57365
      271.01856
      272.47692
      273.95136
      275.50104
      277.00007
      278.42706
      279.95557
      281.45747
      282.89224
      284.37477
      285.88387
      287.35087
      288.93790
      290.49059
      292.03801
      293.61957
      295.18866
      296.76473
      298.36553
      299.95611
      301.53512
      303.14051
      304.70000
      306.35784
      308.01904
      309.64630
      311.25592
      312.91439
      314.65760
      316.27115
      317.97348
      319.61948
      321.36216
      323.10437
      324.79018
      326.50459
      328.21860
      330.09396
      331.90298
      333.69504
      335.53773
      337.24480
      339.00455
      340.77774
      342.64033
      344.47462
      346.32391
      348.12671
      349.90390
      351.73360
      353.60161
      355.48284
      357.37290
      359.29507
      361.22368
      363.10672
      365.10876
      367.13284
      369.15513
      371.16761
      373.21761
      375.22941
      377.20318
      379.21374
      381.27039
      383.32042
      385.38067
      387.54167
      389.81059
      392.02652
      394.29667
      396.43192
      398.69815
      400.99621
      403.36377
      405.75642
      408.05708
      410.43180
      412.97414
      415.47288
      417.96871
      420.55563
      423.08939
      425.66650
      428.29179
      431.07029
      433.73239
      436.49180
      439.25673
      442.22807
      444.97543
      447.83044
      450.73540
      453.70778
      456.66662
      459.50220
      462.40031
      465.60218
      468.83644
      472.15300
      475.40010
      478.70031
      482.04132
      485.31192
      488.89499
      492.52087
      496.13529
      499.81429
      503.64877
      507.65622
      511.57445
      515.52676
      519.82274
      524.04026
      528.34459
      532.73512
      537.43787
      542.17798
      547.07916
      552.20329
      557.33473
      562.81364
      568.45405
      574.00365
      579.84911
      585.85593
      592.32608
      599.01886
      606.12185
      613.64724
      621.73160
      630.37304
      639.48351
      649.23388
      659.92197
      671.31010
      683.64138
      697.75326
      715.20684
      734.99765
      758.21858
      788.26357
      828.25235
      883.78782
      995.21876
