      1.5159403
      1.8729654
      2.1236346
      2.3186020
      2.4847941
      2.6395089
      2.7802504
      2.9168433
      3.0375482
      3.1531223
      3.2653536
      3.3745223
      3.4845599
      3.5860029
      3.6908533
      3.7880766
      3.8853308
      3.9751446
      4.0656888
      4.1512733
      4.2372020
      4.3199737
      4.4071744
      4.4899214
      4.5708732
      4.6484484
      4.7287761
      4.8044832
      4.8861921
      4.9648420
      5.0439907
      5.1260830
      5.2000318
      5.2799827
      5.3603515
      5.4331081
      5.5061368
      5.5813744
      5.6595113
      5.7338023
      5.8067469
      5.8823551
      5.9519644
      6.0227530
      6.0960389
      6.1696795
      6.2401305
      6.3129827
      6.3825370
      6.4558160
      6.5298817
      6.6035705
      6.6723532
      6.7419783
      6.8122434
      6.8824744
      6.9515185
      7.0227080
      7.0935801
      7.1646212
      7.2317475
      7.3046973
      7.3748197
      7.4428644
      7.5150327
      7.5895646
      7.6611644
      7.7305596
      7.7998542
      7.8696615
      7.9402749
      8.0135130
      8.0794247
      8.1486169
      8.2178754
      8.2870147
      8.3572838
      8.4252851
      8.4976833
      8.5689819
      8.6397659
      8.7106497
      8.7805844
      8.8486051
      8.9204949
      8.9919359
      9.0607374
      9.1320923
      9.2027944
      9.2673551
      9.3405564
      9.4096797
      9.4824827
      9.5534554
      9.6249921
      9.6998701
      9.7666308
      9.8351581
      9.9049650
      9.9745609
      10.047841
      10.118478
      10.187864
      10.260009
      10.328912
      10.399873
      10.469203
      10.542977
      10.613134
      10.684345
      10.754745
      10.828362
      10.899634
      10.973308
      11.042156
      11.114053
      11.186325
      11.254753
      11.328790
      11.401255
      11.475265
      11.546789
      11.617757
      11.689297
      11.761241
      11.834746
      11.906490
      11.978600
      12.054229
      12.128018
      12.199509
      12.269636
      12.340635
      12.415826
      12.490720
      12.562134
      12.634135
      12.710668
      12.783022
      12.855084
      12.925975
      12.999928
      13.075288
      13.146573
      13.222374
      13.295414
      13.371054
      13.445182
      13.522241
      13.597230
      13.675704
      13.751614
      13.827334
      13.904928
      13.983117
      14.059186
      14.137479
      14.214367
      14.289139
      14.365312
      14.446871
      14.524948
      14.606414
      14.679145
      14.754174
      14.830153
      14.908185
      14.985054
      15.066183
      15.145696
      15.223706
      15.300490
      15.378570
      15.462107
      15.541688
      15.619177
      15.701780
      15.781465
      15.859628
      15.941806
      16.027062
      16.106077
      16.188178
      16.268026
      16.346976
      16.427837
      16.506139
      16.586750
      16.671459
      16.751495
      16.835409
      16.916969
      17.000057
      17.084895
      17.164587
      17.245700
      17.331670
      17.418032
      17.500182
      17.585662
      17.671415
      17.754486
      17.838040
      17.921547
      18.004415
      18.085900
      18.174346
      18.260916
      18.346935
      18.428093
      18.509169
      18.594329
      18.679891
      18.763881
      18.851307
      18.937709
      19.024811
      19.111555
      19.200522
      19.286582
      19.372128
      19.459832
      19.547225
      19.633252
      19.722380
      19.812063
      19.900046
      19.991120
      20.082030
      20.173896
      20.264211
      20.355663
      20.445046
      20.536242
      20.628641
      20.715843
      20.809549
      20.899447
      20.989800
      21.082182
      21.180475
      21.269306
      21.361054
      21.452623
      21.545137
      21.639494
      21.731585
      21.826414
      21.923205
      22.019012
      22.116996
      22.210691
      22.309229
      22.402626
      22.497036
      22.589919
      22.689304
      22.783530
      22.880352
      22.972020
      23.071420
      23.166418
      23.259886
      23.356491
      23.451501
      23.543001
      23.639985
      23.734832
      23.826112
      23.927652
      24.024267
      24.121341
      24.220573
      24.321368
      24.420739
      24.515362
      24.619070
      24.717203
      24.817968
      24.915588
      25.016153
      25.121221
      25.218721
      25.325469
      25.427334
      25.530903
      25.636061
      25.740700
      25.843838
      25.944596
      26.046634
      26.153529
      26.252161
      26.354058
      26.462177
      26.564332
      26.679219
      26.786282
      26.895300
      27.002943
      27.109035
      27.218261
      27.324508
      27.435059
      27.538702
      27.646078
      27.752595
      27.857650
      27.961960
      28.071829
      28.189073
      28.297985
      28.406192
      28.513355
      28.614455
      28.720032
      28.825466
      28.940805
      29.057544
      29.170635
      29.279650
      29.393100
      29.498266
      29.614096
      29.728735
      29.839893
      29.958476
      30.070978
      30.180002
      30.292565
      30.407503
      30.522204
      30.638070
      30.761255
      30.879804
      30.994543
      31.102484
      31.223020
      31.338756
      31.455703
      31.575986
      31.688498
      31.808261
      31.929011
      32.048369
      32.176467
      32.296888
      32.410527
      32.527836
      32.649462
      32.766936
      32.896395
      33.014848
      33.133267
      33.252855
      33.375377
      33.502312
      33.624412
      33.746539
      33.868777
      33.990531
      34.111729
      34.231192
      34.354581
      34.486377
      34.615035
      34.740787
      34.866464
      34.991737
      35.122099
      35.242007
      35.374528
      35.509054
      35.640597
      35.771486
      35.902926
      36.036573
      36.170173
      36.303751
      36.432273
      36.566656
      36.694655
      36.829434
      36.957408
      37.089665
      37.224657
      37.358453
      37.495263
      37.634291
      37.774542
      37.909830
      38.041945
      38.175091
      38.295756
      38.432242
      38.570264
      38.703200
      38.841187
      38.985696
      39.122318
      39.263067
      39.401567
      39.534817
      39.666146
      39.813139
      39.953200
      40.098706
      40.234281
      40.373544
      40.512809
      40.651244
      40.798526
      40.946163
      41.089324
      41.235032
      41.388468
      41.538541
      41.680924
      41.828495
      41.984339
      42.128035
      42.277285
      42.417059
      42.559463
      42.709383
      42.859157
      43.018048
      43.171497
      43.320974
      43.471019
      43.624660
      43.776369
      43.925663
      44.078581
      44.233080
      44.390651
      44.548018
      44.694473
      44.850977
      45.007049
      45.154180
      45.304571
      45.453009
      45.605697
      45.774211
      45.931457
      46.089072
      46.253094
      46.406247
      46.569491
      46.736058
      46.895677
      47.054164
      47.217852
      47.379846
      47.540541
      47.698626
      47.858485
      48.019143
      48.189063
      48.347121
      48.504551
      48.677061
      48.840556
      49.006441
      49.168988
      49.339570
      49.513910
      49.682963
      49.847882
      50.019509
      50.183572
      50.350960
      50.530442
      50.703138
      50.885772
      51.060278
      51.237438
      51.421198
      51.600888
      51.787308
      51.968379
      52.151690
      52.325402
      52.501631
      52.685821
      52.869944
      53.060891
      53.243612
      53.430137
      53.607852
      53.793133
      53.987771
      54.171138
      54.347884
      54.522377
      54.703307
      54.892980
      55.086224
      55.273038
      55.466201
      55.656433
      55.846760
      56.037292
      56.236735
      56.417034
      56.618781
      56.809765
      57.009504
      57.206088
      57.395521
      57.584409
      57.776745
      57.956362
      58.154296
      58.350116
      58.549434
      58.751841
      58.962863
      59.168784
      59.371144
      59.569078
      59.765916
      59.969418
      60.171707
      60.366170
      60.571881
      60.783606
      60.981726
      61.201059
      61.406315
      61.609955
      61.822052
      62.027803
      62.240001
      62.451269
      62.670267
      62.877127
      63.086986
      63.301981
      63.497268
      63.715052
      63.938018
      64.159087
      64.365830
      64.590195
      64.801787
      65.018320
      65.243052
      65.462702
      65.685862
      65.903744
      66.125799
      66.343425
      66.557179
      66.768500
      67.005977
      67.230468
      67.466622
      67.689922
      67.923832
      68.158182
      68.374194
      68.602531
      68.837258
      69.074886
      69.319341
      69.552276
      69.775392
      70.021079
      70.243131
      70.493391
      70.736645
      70.979511
      71.214233
      71.442535
      71.680964
      71.915070
      72.160688
      72.400912
      72.654899
      72.904004
      73.147863
      73.401185
      73.647901
      73.898138
      74.142623
      74.403927
      74.646550
      74.906678
      75.162297
      75.416498
      75.674860
      75.919473
      76.172463
      76.434986
      76.693183
      76.976257
      77.228640
      77.476771
      77.747449
      78.013307
      78.267503
      78.530775
      78.778309
      79.051950
      79.324980
      79.597510
      79.882614
      80.156326
      80.426925
      80.692912
      80.968803
      81.239883
      81.503285
      81.771029
      82.054162
      82.343653
      82.614556
      82.901521
      83.174678
      83.447949
      83.744790
      84.029124
      84.301471
      84.574194
      84.855867
      85.148173
      85.421550
      85.719555
      86.008436
      86.301032
      86.601354
      86.917661
      87.210245
      87.522261
      87.817070
      88.122132
      88.415548
      88.732069
      89.033412
      89.351081
      89.654300
      89.979281
      90.290660
      90.596636
      90.911653
      91.222498
      91.530190
      91.843925
      92.171509
      92.484911
      92.797457
      93.105070
      93.431729
      93.737448
      94.061144
      94.423765
      94.774897
      95.111957
      95.451182
      95.790324
      96.121194
      96.465023
      96.789385
      97.114764
      97.457951
      97.807001
      98.149513
      98.484711
      98.838270
      99.179067
      99.539772
      99.879830
      100.24576
      100.57910
      100.94113
      101.29129
      101.65488
      102.00993
      102.37515
      102.74029
      103.10612
      103.47942
      103.83912
      104.21507
      104.60167
      104.98199
      105.36467
      105.72565
      106.10302
      106.50539
      106.89737
      107.27927
      107.64871
      108.01760
      108.38791
      108.77270
      109.16113
      109.53792
      109.93224
      110.30558
      110.71515
      111.10333
      111.50900
      111.90561
      112.30166
      112.71203
      113.09151
      113.49556
      113.88850
      114.32572
      114.76635
      115.18128
      115.63338
      116.05653
      116.47003
      116.88640
      117.30981
      117.72628
      118.15467
      118.59426
      119.02149
      119.43275
      119.85507
      120.27410
      120.69210
      121.14387
      121.58085
      122.02232
      122.47160
      122.92593
      123.37380
      123.82618
      124.27762
      124.75052
      125.21456
      125.68409
      126.13601
      126.62772
      127.12549
      127.60936
      128.08091
      128.55839
      129.04756
      129.54669
      130.00281
      130.48270
      130.96776
      131.48334
      131.96529
      132.47720
      132.96871
      133.47349
      133.96838
      134.46985
      134.96431
      135.47688
      136.00123
      136.53424
      137.08943
      137.59969
      138.15390
      138.70970
      139.21704
      139.75491
      140.31401
      140.86744
      141.41479
      141.93675
      142.48436
      143.03062
      143.59201
      144.13350
      144.72546
      145.27913
      145.80137
      146.37490
      146.95034
      147.51795
      148.09265
      148.70894
      149.29866
      149.92206
      150.52948
      151.10506
      151.71752
      152.31428
      152.88768
      153.48887
      154.15155
      154.77836
      155.44759
      156.06081
      156.71550
      157.31166
      157.94929
      158.59407
      159.25474
      159.91160
      160.60168
      161.22475
      161.87210
      162.53735
      163.19512
      163.85954
      164.50503
      165.17746
      165.84589
      166.52370
      167.27257
      167.97103
      168.65616
      169.36354
      170.08285
      170.80460
      171.54014
      172.28040
      173.00298
      173.70291
      174.40392
      175.17022
      175.92329
      176.70222
      177.44500
      178.20428
      178.99238
      179.74840
      180.53118
      181.33262
      182.10159
      182.92089
      183.73382
      184.55295
      185.38726
      186.18589
      186.97612
      187.79636
      188.61648
      189.43581
      190.25554
      191.14564
      192.01695
      192.83448
      193.72235
      194.63490
      195.54362
      196.43971
      197.32333
      198.21216
      199.15008
      200.06594
      200.98966
      201.88352
      202.84358
      203.78526
      204.74951
      205.70335
      206.67684
      207.65862
      208.63327
      209.60709
      210.60038
      211.57911
      212.57586
      213.61860
      214.73070
      215.77345
      216.83642
      217.90684
      218.98106
      220.00020
      221.06907
      222.17984
      223.30643
      224.39730
      225.45380
      226.56680
      227.71054
      228.90353
      230.03663
      231.25409
      232.45888
      233.62411
      234.86362
      236.10643
      237.37578
      238.62738
      239.82019
      241.08096
      242.36970
      243.67560
      244.95903
      246.22098
      247.55062
      248.92027
      250.26223
      251.66862
      253.03958
      254.47737
      255.86247
      257.23624
      258.60060
      259.96105
      261.46954
      262.90402
      264.38520
      265.96622
      267.40700
      268.95667
      270.59914
      272.21332
      273.76790
      275.39378
      277.01002
      278.76138
      280.46304
      282.15039
      283.87292
      285.68731
      287.44604
      289.22045
      291.10527
      292.90110
      294.75804
      296.69110
      298.61096
      300.51464
      302.46463
      304.47231
      306.45545
      308.34867
      310.34011
      312.46205
      314.63679
      316.83862
      319.12307
      321.35451
      323.62271
      325.93564
      328.13341
      330.37427
      332.73056
      335.29301
      337.89566
      340.44700
      342.96636
      345.59406
      348.27524
      350.92749
      353.78924
      356.66215
      359.63686
      362.49363
      365.48478
      368.47199
      371.51395
      374.73378
      378.09869
      381.32503
      384.58250
      388.12864
      391.72768
      395.34597
      399.20480
      403.17499
      406.74906
      410.72965
      414.94418
      418.94258
      423.29481
      427.56552
      432.05038
      436.72765
      441.83214
      446.98418
      452.38184
      458.09463
      463.64499
      469.12128
      475.13483
      481.32535
      488.18399
      495.00840
      502.29094
      509.89055
      517.67560
      526.25643
      535.51228
      545.32606
      556.50268
      568.01234
      580.64954
      594.44318
      611.34066
      630.20158
      653.54997
      682.41076
      722.93396
      796.85267
