      3.8311003
      4.7311056
      5.3233673
      5.7777703
      6.1763651
      6.5141763
      6.8255409
      7.1221510
      7.4016992
      7.6595547
      7.8963760
      8.1308454
      8.3443581
      8.5543929
      8.7527994
      8.9556112
      9.1487097
      9.3369790
      9.5220458
      9.6998600
      9.8682479
      10.038079
      10.208723
      10.376209
      10.533989
      10.689505
      10.838850
      10.993350
      11.145528
      11.298066
      11.445097
      11.591977
      11.741295
      11.888354
      12.033248
      12.173704
      12.313723
      12.449473
      12.590270
      12.728972
      12.862495
      12.992686
      13.126784
      13.251491
      13.386724
      13.508469
      13.634016
      13.768291
      13.897943
      14.015191
      14.139000
      14.266960
      14.383492
      14.508385
      14.625650
      14.750204
      14.879318
      14.994876
      15.106669
      15.227926
      15.341384
      15.459085
      15.578817
      15.694147
      15.809144
      15.921933
      16.040427
      16.154389
      16.266973
      16.380746
      16.489740
      16.603163
      16.713531
      16.825844
      16.944571
      17.054733
      17.165937
      17.272371
      17.383242
      17.489511
      17.593380
      17.697548
      17.809467
      17.923862
      18.036582
      18.141023
      18.246974
      18.360887
      18.466014
      18.575128
      18.681849
      18.782765
      18.886966
      18.996209
      19.109240
      19.214271
      19.316197
      19.421827
      19.528245
      19.632880
      19.735294
      19.842541
      19.947660
      20.058322
      20.164257
      20.267318
      20.373031
      20.474942
      20.581479
      20.680983
      20.788270
      20.893571
      20.995882
      21.094476
      21.200407
      21.304029
      21.415205
      21.517697
      21.619545
      21.724729
      21.829228
      21.933376
      22.041604
      22.146543
      22.250344
      22.348753
      22.459249
      22.565397
      22.669847
      22.771098
      22.876627
      22.979148
      23.083227
      23.186416
      23.280364
      23.387458
      23.487740
      23.593768
      23.699992
      23.798915
      23.903232
      24.003222
      24.108710
      24.215249
      24.315733
      24.422636
      24.525450
      24.627064
      24.731363
      24.842780
      24.948799
      25.050647
      25.157054
      25.258766
      25.362031
      25.468912
      25.574609
      25.679468
      25.777957
      25.881774
      25.985953
      26.089218
      26.192804
      26.295820
      26.392968
      26.494209
      26.601152
      26.706909
      26.807186
      26.914309
      27.010104
      27.114646
      27.212646
      27.320596
      27.425211
      27.527074
      27.629614
      27.736277
      27.835026
      27.939499
      28.040042
      28.142433
      28.242552
      28.346178
      28.451082
      28.550606
      28.652971
      28.759024
      28.864300
      28.970803
      29.071146
      29.179120
      29.284113
      29.382836
      29.487176
      29.598359
      29.704104
      29.808584
      29.909411
      30.015004
      30.121855
      30.226820
      30.332328
      30.438280
      30.545426
      30.651678
      30.758909
      30.862523
      30.965393
      31.074517
      31.178802
      31.293583
      31.404744
      31.510439
      31.617845
      31.719744
      31.828449
      31.936541
      32.044574
      32.148242
      32.254875
      32.362200
      32.469637
      32.578619
      32.691790
      32.796980
      32.901655
      33.012839
      33.118529
      33.217354
      33.321204
      33.422158
      33.531616
      33.637409
      33.744773
      33.844685
      33.951045
      34.052378
      34.167461
      34.275593
      34.374845
      34.484841
      34.588286
      34.696250
      34.808592
      34.919341
      35.030176
      35.135785
      35.249644
      35.358536
      35.468591
      35.576077
      35.681608
      35.791743
      35.901881
      36.007565
      36.124584
      36.231194
      36.342089
      36.451028
      36.563443
      36.675678
      36.787018
      36.898001
      37.003158
      37.115454
      37.234739
      37.350397
      37.459320
      37.575928
      37.699358
      37.810577
      37.923133
      38.036549
      38.147278
      38.257171
      38.367126
      38.483597
      38.598199
      38.713147
      38.823829
      38.940132
      39.048749
      39.161973
      39.277186
      39.388645
      39.496056
      39.613202
      39.734739
      39.845197
      39.957040
      40.075433
      40.186285
      40.299635
      40.412077
      40.523983
      40.645349
      40.760527
      40.880806
      40.993101
      41.103660
      41.225462
      41.340353
      41.451271
      41.569023
      41.687506
      41.797237
      41.907841
      42.022795
      42.139078
      42.255509
      42.375811
      42.491974
      42.611785
      42.733363
      42.851819
      42.969668
      43.086897
      43.206700
      43.325954
      43.440820
      43.560574
      43.684509
      43.804679
      43.926294
      44.044392
      44.159566
      44.279109
      44.403376
      44.530061
      44.653140
      44.775814
      44.888949
      45.007832
      45.124847
      45.244049
      45.374355
      45.501906
      45.632061
      45.754808
      45.876346
      45.993136
      46.115648
      46.238873
      46.351599
      46.466368
      46.595865
      46.723185
      46.839229
      46.960625
      47.087776
      47.213357
      47.333695
      47.457019
      47.580094
      47.706663
      47.830183
      47.955603
      48.084372
      48.216560
      48.345858
      48.472663
      48.610001
      48.743490
      48.863983
      48.983669
      49.114524
      49.237043
      49.365448
      49.491861
      49.625070
      49.756382
      49.885457
      50.011849
      50.137118
      50.268954
      50.399802
      50.532747
      50.673881
      50.799154
      50.930201
      51.072008
      51.209145
      51.341113
      51.471089
      51.606127
      51.743429
      51.871508
      52.007306
      52.135334
      52.267208
      52.403680
      52.541653
      52.680177
      52.819698
      52.953829
      53.081428
      53.211168
      53.348246
      53.487472
      53.624744
      53.764455
      53.896342
      54.036964
      54.165967
      54.303789
      54.438514
      54.572334
      54.713827
      54.858740
      54.989508
      55.127045
      55.263365
      55.395928
      55.530387
      55.669974
      55.814925
      55.952962
      56.092499
      56.234421
      56.379143
      56.525437
      56.666487
      56.805772
      56.951134
      57.095078
      57.238589
      57.369393
      57.515226
      57.656614
      57.805306
      57.944605
      58.082376
      58.225233
      58.374772
      58.515498
      58.671273
      58.814745
      58.958078
      59.100820
      59.241715
      59.385635
      59.534798
      59.672916
      59.823803
      59.977191
      60.126443
      60.271895
      60.419538
      60.561259
      60.706767
      60.859040
      61.004177
      61.150204
      61.300452
      61.445584
      61.599085
      61.750596
      61.905868
      62.055891
      62.208451
      62.367866
      62.529396
      62.675971
      62.833073
      62.992102
      63.144109
      63.291151
      63.446794
      63.605882
      63.761568
      63.921975
      64.089358
      64.248868
      64.406237
      64.547567
      64.706329
      64.863831
      65.027060
      65.188092
      65.339998
      65.491840
      65.652525
      65.819062
      65.967117
      66.129588
      66.293744
      66.450996
      66.609784
      66.768667
      66.924762
      67.087452
      67.244563
      67.410125
      67.574123
      67.734385
      67.905389
      68.070492
      68.240304
      68.405161
      68.571539
      68.742320
      68.904368
      69.073238
      69.240034
      69.399325
      69.565060
      69.728717
      69.895376
      70.062264
      70.236931
      70.411376
      70.577738
      70.747671
      70.917221
      71.083639
      71.246480
      71.419687
      71.603326
      71.774682
      71.945487
      72.114489
      72.287373
      72.470684
      72.657148
      72.831055
      73.005480
      73.194975
      73.374061
      73.547191
      73.732214
      73.905910
      74.087043
      74.279990
      74.466106
      74.643128
      74.828605
      75.005170
      75.188877
      75.374736
      75.552579
      75.743793
      75.913822
      76.105561
      76.295544
      76.484175
      76.671854
      76.868906
      77.065281
      77.254949
      77.452845
      77.646818
      77.842436
      78.039480
      78.225341
      78.418615
      78.616451
      78.805405
      79.002168
      79.195958
      79.390627
      79.578101
      79.765591
      79.955727
      80.147317
      80.337347
      80.531019
      80.722869
      80.925479
      81.113016
      81.299450
      81.495827
      81.706569
      81.903351
      82.101755
      82.300804
      82.497320
      82.698794
      82.898895
      83.090530
      83.295509
      83.501030
      83.701644
      83.904289
      84.111868
      84.318989
      84.517779
      84.718732
      84.923871
      85.132667
      85.342588
      85.551277
      85.758709
      85.971110
      86.188218
      86.396844
      86.602497
      86.828816
      87.043626
      87.271882
      87.490523
      87.710417
      87.926248
      88.140551
      88.352918
      88.582085
      88.803389
      89.020242
      89.246241
      89.461158
      89.684047
      89.899377
      90.136769
      90.349526
      90.572770
      90.797786
      91.021066
      91.256859
      91.479272
      91.707464
      91.932280
      92.162044
      92.391137
      92.626784
      92.854788
      93.085668
      93.317677
      93.545599
      93.772067
      94.006918
      94.232027
      94.466907
      94.697339
      94.929147
      95.166268
      95.404284
      95.630720
      95.869010
      96.104461
      96.353661
      96.611962
      96.842348
      97.084368
      97.321747
      97.560801
      97.805181
      98.050179
      98.298356
      98.545948
      98.800817
      99.047872
      99.286195
      99.537075
      99.795245
      100.05314
      100.30924
      100.57539
      100.82331
      101.08745
      101.35737
      101.61497
      101.86628
      102.12710
      102.39060
      102.64644
      102.91411
      103.18530
      103.46074
      103.72163
      103.98574
      104.25146
      104.53440
      104.80432
      105.07552
      105.35421
      105.62898
      105.89422
      106.18014
      106.44488
      106.71953
      107.00199
      107.29443
      107.57521
      107.87520
      108.15275
      108.44485
      108.73144
      109.01482
      109.32700
      109.62344
      109.90939
      110.20984
      110.50948
      110.80802
      111.10688
      111.41018
      111.71734
      112.01406
      112.32007
      112.61860
      112.92016
      113.20961
      113.51367
      113.81017
      114.12053
      114.42958
      114.74796
      115.04013
      115.34992
      115.64463
      115.95804
      116.27547
      116.59166
      116.90737
      117.20775
      117.52657
      117.85145
      118.16558
      118.48863
      118.80467
      119.12558
      119.46948
      119.78470
      120.10979
      120.43933
      120.77603
      121.10164
      121.46260
      121.80853
      122.15164
      122.48988
      122.83644
      123.18058
      123.53395
      123.88300
      124.23245
      124.58173
      124.95011
      125.31765
      125.66135
      126.02717
      126.35828
      126.71896
      127.07258
      127.43248
      127.79057
      128.14362
      128.52071
      128.87751
      129.26835
      129.64133
      130.02462
      130.40295
      130.77636
      131.15194
      131.54746
      131.94446
      132.34903
      132.75170
      133.14617
      133.55370
      133.95663
      134.35176
      134.74228
      135.15751
      135.57250
      135.96559
      136.36960
      136.78326
      137.20541
      137.62190
      138.05583
      138.47672
      138.90285
      139.33877
      139.74819
      140.18204
      140.61271
      141.05627
      141.47077
      141.88106
      142.30555
      142.75799
      143.20822
      143.65178
      144.11270
      144.57004
      145.03138
      145.50594
      145.95119
      146.42132
      146.86755
      147.33514
      147.79336
      148.26517
      148.73081
      149.21674
      149.71004
      150.17509
      150.66346
      151.15935
      151.65797
      152.13419
      152.61835
      153.10534
      153.59028
      154.10459
      154.60297
      155.10999
      155.60921
      156.13120
      156.66989
      157.20463
      157.74309
      158.28551
      158.84957
      159.38904
      159.92552
      160.47204
      161.02421
      161.58408
      162.16395
      162.73172
      163.27847
      163.83653
      164.41468
      164.95662
      165.52417
      166.12706
      166.72756
      167.32543
      167.94561
      168.54209
      169.12700
      169.75131
      170.35244
      170.97678
      171.60459
      172.21561
      172.86360
      173.48195
      174.10849
      174.71012
      175.38219
      176.01756
      176.66382
      177.31592
      178.02831
      178.65770
      179.36920
      180.02265
      180.70685
      181.41002
      182.04428
      182.73693
      183.45267
      184.17411
      184.88936
      185.62161
      186.37002
      187.11704
      187.90457
      188.62978
      189.42360
      190.15995
      190.89291
      191.64680
      192.41522
      193.16044
      193.93786
      194.78488
      195.55476
      196.41699
      197.26438
      198.11332
      198.98038
      199.84537
      200.68607
      201.60165
      202.44778
      203.27196
      204.10574
      205.00218
      205.89099
      206.81751
      207.73073
      208.66719
      209.57510
      210.52340
      211.44208
      212.39955
      213.40425
      214.40450
      215.41958
      216.40501
      217.38711
      218.38715
      219.37224
      220.37336
      221.47461
      222.51890
      223.64569
      224.66613
      225.77546
      226.90702
      228.01697
      229.15048
      230.36342
      231.58119
      232.82950
      234.01290
      235.15030
      236.42480
      237.73555
      239.03883
      240.32457
      241.60193
      242.89371
      244.20334
      245.52116
      246.90740
      248.25136
      249.63864
      251.07694
      252.57381
      254.00954
      255.54689
      257.09942
      258.70171
      260.35476
      261.91958
      263.50901
      265.10733
      266.67173
      268.26488
      269.94448
      271.63767
      273.39471
      275.10174
      276.89311
      278.69500
      280.51850
      282.44404
      284.42447
      286.44026
      288.40542
      290.34746
      292.61296
      294.68763
      296.90956
      299.15536
      301.33450
      303.61050
      305.99505
      308.38820
      310.83835
      313.45514
      316.01998
      318.66116
      321.57106
      324.33337
      327.28133
      330.24391
      333.36868
      336.42761
      339.61649
      342.92587
      346.26884
      349.83032
      353.32979
      357.07316
      360.85254
      364.83788
      369.07153
      373.25550
      377.42900
      382.09845
      386.80619
      391.79452
      396.92995
      402.52517
      407.97530
      413.82683
      420.06341
      426.65517
      433.80217
      441.43907
      449.60763
      458.15995
      467.18459
      477.52973
      488.48419
      500.28514
      514.49772
      530.13129
      548.07895
      569.66516
      598.20194
      638.33618
      712.05289
