   0.0011917052
   0.0023794602
   0.0035666732
   0.0047453274
   0.0058461772
   0.0070267050
   0.0081446161
   0.0093808621
    0.010623009
    0.011881517
    0.013056731
    0.014336326
    0.015590151
    0.016761974
    0.017910130
    0.019077305
    0.020258969
    0.021485441
    0.022678149
    0.023911270
    0.025097585
    0.026337399
    0.027571547
    0.028860350
    0.030084012
    0.031284202
    0.032631291
    0.033926028
    0.035269393
    0.036554905
    0.037811877
    0.039073110
    0.040372294
    0.041625506
    0.042954673
    0.044239267
    0.045475919
    0.046793759
    0.048088656
    0.049344931
    0.050683332
    0.051963461
    0.053285982
    0.054618483
    0.055977868
    0.057252562
    0.058472531
    0.059834914
    0.061138642
    0.062488820
    0.063906431
    0.065231257
    0.066591068
    0.067976546
    0.069292255
    0.070650688
    0.071962102
    0.073320985
    0.074743473
    0.076095149
    0.077498473
    0.078907825
    0.080313294
    0.081643345
    0.083038242
    0.084423202
    0.085802934
    0.087134734
    0.088579209
    0.090049471
    0.091472179
    0.092880099
    0.094366862
    0.095743635
    0.097138123
    0.098540060
    0.099913723
     0.10133158
     0.10272471
     0.10417403
     0.10558739
     0.10705307
     0.10843853
     0.10993226
     0.11145436
     0.11297311
     0.11447126
     0.11598889
     0.11749916
     0.11900746
     0.12047711
     0.12204967
     0.12357462
     0.12513462
     0.12672682
     0.12826484
     0.12976699
     0.13138194
     0.13291134
     0.13447390
     0.13610148
     0.13768936
     0.13931948
     0.14085579
     0.14239951
     0.14389458
     0.14542068
     0.14698462
     0.14853252
     0.15008789
     0.15177379
     0.15333708
     0.15495761
     0.15653188
     0.15816237
     0.15985049
     0.16148515
     0.16319522
     0.16482342
     0.16654595
     0.16819769
     0.16986394
     0.17157589
     0.17319964
     0.17490594
     0.17674491
     0.17848909
     0.18015159
     0.18189422
     0.18356812
     0.18531249
     0.18706641
     0.18886413
     0.19062090
     0.19235660
     0.19414251
     0.19590603
     0.19773148
     0.19948363
     0.20133954
     0.20315149
     0.20489819
     0.20662511
     0.20838650
     0.21032838
     0.21216039
     0.21403131
     0.21580621
     0.21765951
     0.21948771
     0.22144147
     0.22337862
     0.22523884
     0.22712759
     0.22893189
     0.23074843
     0.23266559
     0.23458535
     0.23661628
     0.23856491
     0.24039235
     0.24237905
     0.24433002
     0.24634764
     0.24825434
     0.25026612
     0.25226222
     0.25435331
     0.25642612
     0.25836546
     0.26030433
     0.26228941
     0.26435464
     0.26634194
     0.26829783
     0.27034481
     0.27247001
     0.27465119
     0.27658487
     0.27869732
     0.28088240
     0.28297532
     0.28521484
     0.28731188
     0.28951837
     0.29156371
     0.29372887
     0.29599084
     0.29816031
     0.30046790
     0.30269054
     0.30496168
     0.30718638
     0.30944690
     0.31174439
     0.31411793
     0.31635265
     0.31860604
     0.32081592
     0.32314816
     0.32548024
     0.32784427
     0.33008005
     0.33243661
     0.33471071
     0.33713907
     0.33955511
     0.34197571
     0.34443050
     0.34686455
     0.34931376
     0.35169525
     0.35413908
     0.35669773
     0.35929163
     0.36176936
     0.36427444
     0.36678620
     0.36929435
     0.37180273
     0.37424286
     0.37691108
     0.37937162
     0.38198526
     0.38469834
     0.38755830
     0.39020113
     0.39291470
     0.39551621
     0.39829580
     0.40105523
     0.40373053
     0.40639421
     0.40914985
     0.41204735
     0.41489790
     0.41770662
     0.42059028
     0.42359197
     0.42641436
     0.42928674
     0.43214675
     0.43498666
     0.43783995
     0.44075381
     0.44385893
     0.44682971
     0.44986302
     0.45302063
     0.45593884
     0.45882523
     0.46198876
     0.46508524
     0.46839250
     0.47150212
     0.47466066
     0.47766459
     0.48091682
     0.48428426
     0.48747997
     0.49068467
     0.49394172
     0.49710813
     0.50048570
     0.50397624
     0.50750660
     0.51105482
     0.51446551
     0.51795214
     0.52136958
     0.52488136
     0.52847575
     0.53214372
     0.53578015
     0.53940542
     0.54294359
     0.54689847
     0.55060120
     0.55447683
     0.55820031
     0.56191822
     0.56583128
     0.56966155
     0.57371523
     0.57761858
     0.58159004
     0.58560166
     0.58999893
     0.59423005
     0.59840140
     0.60258485
     0.60663002
     0.61077785
     0.61521045
     0.61967520
     0.62391498
     0.62841724
     0.63293685
     0.63753691
     0.64215287
     0.64653929
     0.65129619
     0.65591905
     0.66101806
     0.66544976
     0.67044764
     0.67533930
     0.68029877
     0.68526676
     0.68999668
     0.69503584
     0.69990606
     0.70519390
     0.71059082
     0.71558577
     0.72095982
     0.72649105
     0.73204419
     0.73754411
     0.74333539
     0.74918025
     0.75498681
     0.76060352
     0.76657218
     0.77230586
     0.77826150
     0.78432408
     0.79047075
     0.79663153
     0.80279086
     0.80914341
     0.81589404
     0.82298458
     0.82982553
     0.83653551
     0.84379743
     0.85070792
     0.85782636
     0.86500496
     0.87224062
     0.87999400
     0.88732204
     0.89524710
     0.90306931
     0.91146372
     0.91954866
     0.92769730
     0.93570444
     0.94404137
     0.95228097
     0.96092225
     0.96998621
     0.97934859
     0.98890889
     0.99812479
      1.0078396
      1.0175337
      1.0274432
      1.0375453
      1.0481176
      1.0581390
      1.0680063
      1.0785487
      1.0899601
      1.1013725
      1.1130409
      1.1244463
      1.1359100
      1.1477912
      1.1597793
      1.1725688
      1.1849864
      1.1983891
      1.2112340
      1.2246572
      1.2387002
      1.2527446
      1.2675161
      1.2815215
      1.2965143
      1.3109483
      1.3259875
      1.3409349
      1.3572005
      1.3739966
      1.3902905
      1.4073510
      1.4237207
      1.4410841
      1.4594376
      1.4779636
      1.4967168
      1.5166922
      1.5352314
      1.5559164
      1.5765735
      1.5978215
      1.6190239
      1.6414115
      1.6638267
      1.6876238
      1.7110163
      1.7345977
      1.7592624
      1.7829912
      1.8082316
      1.8343765
      1.8614632
      1.8901525
      1.9198013
      1.9487868
      1.9792201
      2.0107941
      2.0404345
      2.0713916
      2.1047326
      2.1390068
      2.1749453
      2.2088733
      2.2422624
      2.2791683
      2.3147740
      2.3521338
      2.3921766
      2.4306658
      2.4699156
      2.5115870
      2.5523252
      2.6004384
      2.6468727
      2.6940413
      2.7404505
      2.7872327
      2.8394083
      2.8916840
      2.9412292
      2.9951154
      3.0489548
      3.1027651
      3.1598707
      3.2167829
      3.2795814
      3.3411524
      3.3998736
      3.4662594
      3.5330897
      3.5985422
      3.6669647
      3.7390361
      3.8134889
      3.8845379
      3.9567248
      4.0345122
      4.1115558
      4.1925022
      4.2662818
      4.3439342
      4.4227008
      4.5109509
      4.6016650
      4.6884205
      4.7778390
      4.8705730
      4.9605342
      5.0595500
      5.1600076
      5.2600303
      5.3709153
      5.4758102
      5.5759184
      5.6831560
      5.7953975
      5.9080680
      6.0332294
      6.1466933
      6.2601107
      6.3792046
      6.4969757
      6.6148086
      6.7341339
      6.8546027
      6.9847822
      7.1160369
      7.2458872
      7.3844588
      7.5230655
      7.6602819
      7.8008398
      7.9373952
      8.0773205
      8.2152881
      8.3615341
      8.5101119
      8.6652123
      8.8237497
      8.9731917
      9.1351944
      9.3035309
      9.4745744
      9.6436600
      9.8073324
      9.9752356
      10.149279
      10.332461
      10.519723
      10.701777
      10.878581
      11.077873
      11.273135
      11.470046
      11.674974
      11.874921
      12.076818
      12.282256
      12.492834
      12.704551
      12.920177
      13.138657
      13.335158
      13.552175
      13.774503
      13.999139
      14.227752
      14.462321
      14.695422
      14.927172
      15.169215
      15.400640
      15.634304
      15.881159
      16.117594
      16.369704
      16.604346
      16.865280
      17.126939
      17.381990
      17.643939
      17.915938
      18.183002
      18.454048
      18.733923
      18.988008
      19.262288
      19.557292
      19.835427
      20.116888
      20.405175
      20.704001
      21.009100
      21.316273
      21.616955
      21.914281
      22.219832
      22.547370
      22.859308
      23.159874
      23.470640
      23.790567
      24.108489
      24.446453
      24.761411
      25.082209
      25.422169
      25.749076
      26.091276
      26.449932
      26.798823
      27.161789
      27.508666
      27.874658
      28.239557
      28.590533
      28.954013
      29.311993
      29.679730
      30.053632
      30.428615
      30.790788
      31.174596
      31.553540
      31.930339
      32.328560
      32.720332
      33.107100
      33.505856
      33.904056
      34.304894
      34.720769
      35.125198
      35.535976
      35.952510
      36.369119
      36.774147
      37.193587
      37.632262
      38.046541
      38.485846
      38.927664
      39.363819
      39.821235
      40.261588
      40.718822
      41.189227
      41.642022
      42.110956
      42.573740
      43.040213
      43.536798
      44.030893
      44.503433
      44.954541
      45.430125
      45.922124
      46.395273
      46.892862
      47.385654
      47.903077
      48.435270
      48.941243
      49.413181
      49.922727
      50.422240
      50.934772
      51.433514
      51.929373
      52.462079
      52.976851
      53.488909
      54.011615
      54.582290
      55.112954
      55.616661
      56.151827
      56.698656
      57.252551
      57.813939
      58.379446
      58.892479
      59.456767
      60.003358
      60.581624
      61.152568
      61.677670
      62.268524
      62.833143
      63.408301
      64.011061
      64.606009
      65.186908
      65.796542
      66.403326
      66.991813
      67.613217
      68.266644
      68.879753
      69.507335
      70.119936
      70.726369
      71.361072
      71.951148
      72.573532
      73.217044
      73.831818
      74.484483
      75.131389
      75.793011
      76.453912
      77.116835
      77.739882
      78.440497
      79.126147
      79.791168
      80.465778
      81.160057
      81.860417
      82.529245
      83.253191
      83.913489
      84.603441
      85.245762
      85.948883
      86.659456
      87.371107
      88.102876
      88.812316
      89.499772
      90.226222
      90.966057
      91.679635
      92.411494
      93.196201
      93.962188
      94.692442
      95.431509
      96.174158
      96.959268
      97.730872
      98.520799
      99.234382
      100.01347
      100.82206
      101.59626
      102.36161
      103.14773
      103.92922
      104.73386
      105.54932
      106.35824
      107.19559
      107.99478
      108.82129
      109.60942
      110.39088
      111.22610
      112.08821
      112.96269
      113.81157
      114.64211
      115.43643
      116.29590
      117.18953
      118.03744
      118.88381
      119.73645
      120.58786
      121.47573
      122.31701
      123.19409
      124.04892
      124.93895
      125.85295
      126.73591
      127.60642
      128.47829
      129.39370
      130.27743
      131.15128
      132.04408
      132.92605
      133.84647
      134.74422
      135.67759
      136.63586
      137.61662
      138.58324
      139.53967
      140.48497
      141.44055
      142.39406
      143.37944
      144.32862
      145.28380
      146.26507
      147.23280
      148.19435
      149.14309
      150.12397
      151.08835
      152.09062
      153.01133
      154.03233
      155.04889
      156.09875
      157.13972
      158.17858
      159.20179
      160.28860
      161.28444
      162.29379
      163.32747
      164.36477
      165.38373
      166.44126
      167.47256
      168.50747
      169.57862
      170.70010
      171.80969
      172.93192
      174.02986
      175.10884
      176.21131
      177.29397
      178.41688
      179.55571
      180.68289
      181.83459
      182.95817
      184.02809
      185.24027
      186.35779
      187.52166
      188.73149
      189.91562
      191.03337
      192.22431
      193.36834
      194.53343
      195.72523
      196.85243
      198.07758
      199.24924
      200.51237
      201.67857
      202.84927
      204.04367
      205.30136
      206.50838
      207.77167
      208.99820
      210.23909
      211.51623
      212.80768
      214.03919
      215.30535
      216.60642
      217.84088
      219.05012
      220.39370
      221.70143
      223.02049
      224.41679
      225.71091
      226.94678
      228.21136
      229.48554
      230.86089
      232.23666
      233.54473
      234.87978
      236.25911
      237.64687
      238.99828
      240.33197
      241.63783
      243.01148
      244.39593
      245.75936
      247.13589
      248.49813
      249.86735
      251.26162
      252.63098
      254.06594
      255.45053
      256.84005
      258.30240
      259.72985
      261.20968
      262.65633
      264.14456
      265.54698
      267.03014
      268.48090
      269.97452
      271.53150
      273.04064
      274.56316
      276.07926
      277.54366
      278.97761
      280.51482
      282.01346
      283.59801
      285.08296
      286.71817
      288.25334
      289.75548
      291.34169
      292.95367
      294.43290
      296.05788
      297.63738
      299.20106
      300.81278
      302.41908
      304.00646
      305.64356
      307.38121
      308.96511
      310.53325
      312.13250
      313.72264
      315.42356
      317.08322
      318.74979
      320.42093
      322.12008
      323.81345
      325.53309
      327.15164
      328.77335
      330.50690
      332.23643
      334.03773
      335.92993
      337.64924
      339.43833
      341.31309
      342.98815
      344.84699
      346.67774
      348.48370
      350.33984
      352.30497
      354.32564
      356.22318
      358.19586
      360.04265
      361.99241
      363.85754
      365.95405
      367.93236
      369.94662
      371.98379
      374.08050
      376.18143
      378.16408
      380.27582
      382.44353
      384.72472
      386.94866
      389.12602
      391.43300
      393.58937
      395.81543
      397.96359
      400.25745
      402.61092
      404.88327
      407.26872
      409.57973
      412.08356
      414.55342
      417.04802
      419.58589
      422.08968
      424.70687
      427.25468
      429.93870
      432.51532
      435.08221
      437.80168
      440.55368
      443.32808
      446.44037
      449.20699
      452.10877
      455.14816
      458.18410
      461.21457
      464.30154
      467.35818
      470.36280
      473.64152
      477.02977
      480.20778
      483.42028
      486.70666
      490.31369
      494.03129
      497.76902
      501.55212
      505.37348
      509.03395
      512.94036
      516.93720
      520.92235
      525.13511
      529.35531
      533.78926
      538.39246
      542.89365
      547.85659
      552.92234
      558.01779
      563.68130
      569.03959
      574.75824
      580.88903
      586.95061
      593.68202
      600.52668
      607.41056
      614.99228
      622.89701
      631.60446
      640.45673
      650.08298
      660.47755
      671.52665
      684.53885
      698.93382
      715.54851
      736.05939
      758.46839
      787.58985
      825.25072
      879.97790
      988.07596
