      1.7781834
      2.2149696
      2.5254925
      2.7632930
      2.9698786
      3.1541822
      3.3226370
      3.4679311
      3.6033052
      3.7379094
      3.8617303
      3.9837540
      4.1056416
      4.2177102
      4.3315154
      4.4401146
      4.5463754
      4.6534425
      4.7603579
      4.8640368
      4.9629240
      5.0601123
      5.1555170
      5.2471680
      5.3383121
      5.4305257
      5.5222007
      5.6067585
      5.6930480
      5.7769442
      5.8616825
      5.9472706
      6.0369308
      6.1239321
      6.2058598
      6.2851039
      6.3682773
      6.4547878
      6.5396471
      6.6238428
      6.7052951
      6.7835115
      6.8616587
      6.9412658
      7.0213091
      7.1000129
      7.1794743
      7.2594630
      7.3326436
      7.4114486
      7.4905936
      7.5666592
      7.6443556
      7.7196892
      7.7993038
      7.8779283
      7.9565242
      8.0268874
      8.0996826
      8.1705389
      8.2475596
      8.3222809
      8.3947914
      8.4690972
      8.5406293
      8.6108718
      8.6837968
      8.7553906
      8.8344834
      8.9065963
      8.9841538
      9.0549217
      9.1304232
      9.2050955
      9.2778985
      9.3500073
      9.4213764
      9.4968171
      9.5686572
      9.6398367
      9.7094213
      9.7827052
      9.8596264
      9.9267456
      10.002498
      10.074759
      10.153058
      10.223549
      10.301657
      10.376035
      10.447166
      10.518046
      10.592334
      10.663835
      10.735591
      10.809345
      10.880851
      10.954460
      11.027881
      11.101049
      11.175995
      11.248389
      11.329515
      11.402347
      11.474726
      11.547099
      11.628834
      11.699144
      11.775024
      11.847086
      11.923154
      11.997586
      12.072989
      12.145899
      12.219876
      12.288849
      12.361631
      12.436341
      12.509147
      12.588757
      12.659005
      12.733259
      12.805899
      12.878515
      12.957191
      13.029870
      13.106310
      13.184038
      13.261242
      13.334232
      13.406901
      13.482956
      13.559941
      13.637746
      13.714578
      13.789861
      13.868448
      13.944542
      14.019427
      14.098802
      14.176141
      14.257118
      14.331505
      14.406533
      14.485300
      14.559983
      14.638422
      14.716738
      14.795140
      14.871028
      14.945621
      15.021803
      15.099718
      15.179171
      15.258995
      15.335416
      15.413073
      15.491186
      15.570696
      15.648679
      15.731437
      15.807254
      15.887590
      15.967978
      16.043064
      16.120077
      16.202112
      16.282736
      16.361247
      16.443804
      16.519209
      16.598563
      16.678641
      16.763547
      16.843639
      16.920840
      17.003554
      17.085094
      17.165414
      17.249759
      17.334040
      17.413238
      17.494531
      17.573968
      17.652630
      17.732792
      17.816454
      17.895960
      17.980048
      18.063048
      18.147666
      18.230859
      18.316441
      18.397671
      18.479347
      18.562541
      18.647017
      18.729033
      18.814898
      18.896677
      18.979386
      19.065963
      19.152575
      19.237480
      19.324400
      19.403056
      19.488879
      19.580028
      19.666557
      19.752853
      19.834981
      19.919221
      20.007007
      20.092404
      20.180275
      20.266163
      20.350214
      20.437864
      20.522720
      20.612159
      20.700306
      20.790465
      20.877683
      20.967061
      21.055024
      21.144159
      21.233674
      21.317787
      21.410478
      21.496019
      21.585222
      21.675179
      21.766389
      21.855269
      21.949822
      22.039972
      22.129099
      22.218564
      22.309670
      22.401266
      22.490759
      22.586455
      22.678872
      22.772048
      22.866241
      22.953701
      23.045342
      23.136963
      23.230890
      23.326707
      23.422875
      23.514639
      23.609502
      23.706175
      23.800335
      23.895019
      23.991630
      24.090530
      24.186126
      24.286659
      24.382275
      24.485341
      24.584755
      24.684176
      24.780819
      24.882631
      24.979814
      25.076015
      25.170146
      25.268433
      25.367462
      25.464290
      25.565485
      25.664640
      25.764057
      25.866306
      25.966117
      26.068037
      26.166022
      26.271618
      26.369510
      26.468350
      26.566978
      26.668885
      26.769271
      26.872301
      26.975846
      27.083252
      27.183435
      27.285225
      27.387320
      27.486438
      27.591051
      27.691709
      27.787722
      27.887842
      27.994044
      28.096180
      28.201564
      28.305022
      28.407903
      28.515353
      28.622468
      28.733064
      28.842893
      28.950326
      29.058057
      29.166431
      29.279738
      29.395725
      29.500836
      29.610976
      29.720116
      29.828908
      29.940273
      30.044446
      30.152037
      30.258513
      30.368415
      30.477886
      30.589114
      30.698972
      30.805206
      30.920512
      31.034753
      31.150947
      31.261972
      31.373328
      31.493802
      31.611456
      31.724604
      31.835882
      31.957484
      32.058802
      32.179013
      32.296795
      32.410169
      32.525223
      32.638511
      32.751536
      32.866558
      32.976671
      33.102280
      33.220390
      33.337556
      33.461901
      33.582325
      33.699997
      33.814482
      33.935023
      34.050175
      34.168003
      34.293483
      34.415207
      34.538738
      34.660841
      34.784203
      34.905928
      35.024058
      35.150163
      35.265606
      35.389474
      35.514704
      35.631988
      35.754325
      35.879975
      35.999196
      36.121393
      36.242309
      36.365859
      36.493028
      36.628735
      36.755587
      36.886661
      37.017245
      37.144783
      37.274830
      37.408444
      37.540777
      37.674799
      37.800388
      37.934768
      38.060540
      38.197756
      38.326593
      38.448342
      38.574067
      38.706545
      38.845973
      38.978776
      39.111090
      39.245491
      39.384254
      39.516322
      39.656034
      39.789999
      39.931495
      40.064994
      40.202592
      40.342827
      40.476407
      40.617119
      40.757308
      40.887567
      41.021645
      41.150162
      41.290558
      41.430996
      41.567793
      41.703314
      41.840063
      41.978785
      42.121949
      42.261565
      42.410290
      42.552710
      42.691478
      42.841552
      42.988620
      43.133587
      43.286692
      43.429268
      43.582093
      43.732780
      43.882312
      44.033267
      44.183544
      44.337551
      44.480249
      44.632129
      44.777442
      44.919817
      45.071764
      45.220094
      45.371715
      45.519681
      45.667720
      45.820476
      45.972053
      46.122289
      46.271653
      46.420425
      46.572636
      46.728950
      46.886942
      47.048337
      47.196894
      47.346832
      47.500875
      47.674754
      47.829635
      47.977629
      48.135720
      48.297863
      48.462159
      48.617376
      48.777657
      48.937246
      49.097070
      49.265733
      49.430747
      49.584901
      49.748429
      49.918010
      50.080333
      50.237744
      50.401329
      50.575945
      50.745792
      50.925389
      51.093830
      51.253675
      51.424174
      51.592232
      51.769037
      51.939208
      52.101996
      52.274557
      52.442561
      52.611603
      52.782028
      52.950203
      53.119101
      53.298393
      53.476183
      53.649191
      53.821251
      53.997356
      54.184081
      54.368509
      54.538932
      54.715037
      54.892205
      55.064114
      55.236032
      55.411198
      55.591098
      55.785795
      55.959332
      56.134593
      56.314831
      56.505067
      56.698342
      56.876401
      57.068271
      57.252996
      57.443415
      57.624063
      57.821046
      58.006546
      58.186378
      58.382549
      58.585165
      58.774196
      58.970072
      59.155123
      59.361544
      59.552156
      59.751210
      59.953352
      60.158081
      60.356431
      60.548069
      60.739511
      60.939018
      61.145584
      61.347470
      61.554747
      61.759836
      61.956770
      62.144319
      62.347645
      62.533422
      62.733151
      62.937177
      63.149420
      63.358345
      63.569001
      63.766693
      63.976937
      64.184490
      64.401566
      64.611660
      64.829589
      65.039901
      65.261390
      65.476046
      65.705397
      65.919961
      66.139741
      66.357562
      66.571853
      66.780825
      66.991992
      67.205901
      67.422304
      67.651892
      67.873587
      68.089999
      68.309795
      68.538658
      68.758467
      68.986769
      69.204638
      69.424582
      69.653999
      69.881003
      70.125662
      70.354279
      70.571272
      70.792941
      71.020232
      71.240794
      71.485254
      71.714740
      71.959934
      72.189148
      72.421308
      72.666080
      72.902068
      73.136488
      73.385749
      73.621039
      73.860696
      74.111967
      74.352719
      74.607563
      74.869234
      75.103537
      75.348920
      75.598983
      75.830817
      76.081884
      76.336577
      76.573103
      76.815795
      77.075864
      77.340664
      77.591297
      77.867152
      78.113819
      78.364799
      78.628133
      78.897473
      79.169171
      79.413069
      79.685439
      79.948772
      80.224294
      80.486887
      80.744330
      80.999844
      81.282306
      81.559211
      81.831563
      82.118397
      82.398368
      82.670352
      82.943134
      83.212035
      83.480660
      83.766756
      84.044198
      84.328779
      84.605736
      84.894483
      85.185489
      85.452889
      85.738599
      86.017672
      86.306983
      86.587488
      86.869880
      87.174488
      87.457558
      87.758652
      88.050997
      88.350319
      88.666988
      88.962472
      89.271703
      89.571418
      89.859187
      90.163420
      90.472428
      90.785855
      91.086941
      91.404650
      91.701753
      92.002642
      92.307819
      92.622222
      92.929787
      93.241366
      93.556993
      93.858556
      94.177799
      94.482941
      94.801277
      95.109895
      95.429487
      95.750804
      96.096740
      96.427025
      96.745956
      97.101555
      97.432583
      97.756675
      98.103491
      98.427374
      98.755699
      99.103753
      99.435906
      99.777206
      100.12143
      100.47474
      100.82266
      101.17079
      101.51380
      101.87786
      102.23540
      102.57783
      102.92024
      103.28926
      103.62981
      103.99469
      104.36472
      104.72907
      105.08833
      105.45609
      105.80073
      106.17535
      106.56248
      106.93342
      107.31612
      107.69859
      108.07419
      108.47059
      108.85672
      109.24631
      109.62547
      109.99921
      110.38634
      110.77088
      111.14732
      111.53744
      111.93046
      112.33869
      112.72761
      113.14285
      113.51229
      113.93483
      114.34049
      114.75569
      115.16285
      115.60042
      116.00953
      116.43429
      116.85569
      117.28726
      117.69828
      118.13102
      118.55843
      118.98044
      119.41205
      119.85143
      120.29824
      120.72748
      121.16686
      121.63371
      122.08557
      122.51691
      122.95270
      123.39244
      123.85676
      124.28993
      124.73671
      125.17069
      125.62887
      126.06639
      126.52531
      126.98954
      127.48164
      127.94984
      128.41614
      128.88962
      129.37024
      129.84054
      130.32967
      130.78834
      131.26197
      131.75922
      132.23655
      132.71046
      133.18375
      133.68639
      134.21454
      134.73989
      135.26145
      135.80140
      136.29754
      136.78981
      137.31426
      137.82901
      138.32948
      138.85796
      139.38453
      139.90284
      140.47736
      141.00040
      141.54634
      142.09366
      142.60079
      143.14036
      143.69367
      144.24390
      144.80170
      145.37952
      145.91180
      146.46342
      147.04957
      147.64006
      148.22780
      148.84284
      149.43641
      150.01885
      150.59566
      151.17118
      151.77267
      152.37640
      152.98227
      153.60292
      154.22091
      154.84913
      155.45181
      156.07971
      156.71636
      157.37370
      158.03103
      158.68479
      159.32649
      159.96740
      160.63751
      161.30846
      161.96286
      162.63712
      163.30820
      163.96939
      164.63129
      165.31558
      166.01169
      166.71435
      167.37523
      168.09646
      168.81517
      169.51602
      170.16885
      170.86553
      171.57837
      172.27953
      173.03819
      173.76553
      174.45435
      175.20590
      175.94563
      176.68235
      177.44838
      178.23002
      178.99460
      179.84854
      180.64709
      181.40259
      182.19263
      182.98244
      183.80320
      184.57168
      185.36934
      186.17141
      187.02945
      187.90140
      188.75600
      189.60426
      190.42593
      191.25658
      192.10799
      192.99158
      193.84732
      194.73093
      195.64892
      196.49937
      197.40635
      198.31075
      199.20397
      200.12882
      201.02087
      202.00669
      202.96222
      203.89269
      204.83272
      205.78634
      206.75762
      207.76543
      208.70298
      209.70018
      210.67890
      211.65525
      212.65066
      213.69215
      214.71364
      215.81575
      216.83551
      217.94032
      218.97945
      220.05424
      221.12130
      222.23078
      223.33328
      224.36989
      225.47858
      226.63196
      227.75512
      228.87571
      229.97115
      231.17684
      232.32819
      233.49720
      234.70279
      235.93405
      237.17829
      238.43277
      239.71167
      241.00434
      242.26767
      243.57661
      244.91400
      246.22816
      247.56943
      248.87366
      250.24451
      251.61646
      253.00909
      254.44844
      255.90202
      257.37055
      258.84008
      260.29611
      261.78202
      263.26899
      264.73837
      266.30075
      267.83219
      269.40882
      270.94870
      272.58738
      274.19415
      275.84459
      277.52415
      279.23019
      280.90574
      282.67046
      284.29701
      286.10496
      287.87722
      289.64005
      291.53132
      293.36944
      295.38458
      297.23808
      299.17258
      301.01212
      302.99562
      304.94658
      307.02884
      309.09910
      311.26169
      313.47379
      315.55367
      317.73838
      319.88471
      322.15380
      324.34178
      326.62411
      329.09501
      331.56946
      334.04618
      336.46959
      339.06277
      341.71184
      344.30599
      346.97065
      349.69993
      352.44212
      355.34851
      358.26668
      361.11290
      364.07054
      367.18128
      370.31246
      373.40292
      376.84279
      380.28549
      383.71554
      387.41565
      390.97402
      394.60788
      398.44848
      402.34895
      406.41115
      410.61888
      414.89196
      419.29939
      423.77950
      428.42854
      433.24317
      438.14668
      442.72837
      448.31697
      453.70752
      459.22437
      465.05716
      471.01162
      477.27764
      483.68760
      490.61726
      498.11002
      505.68506
      514.12878
      522.64606
      531.31724
      541.53857
      551.52991
      562.75646
      575.16702
      588.67938
      604.08973
      622.59238
      645.44842
      675.62400
      714.03188
      787.28303
