     0.39508246
     0.48752014
     0.55307221
     0.60396500
     0.64877911
     0.68885835
     0.72473092
     0.75732051
     0.78664732
     0.81442539
     0.84084336
     0.86597517
     0.89005414
     0.91400284
     0.93708563
     0.96064633
     0.98255016
      1.0038762
      1.0240353
      1.0443049
      1.0648806
      1.0844993
      1.1040834
      1.1223815
      1.1401995
      1.1593527
      1.1774426
      1.1949088
      1.2127658
      1.2294131
      1.2467127
      1.2639056
      1.2799153
      1.2967110
      1.3126562
      1.3295539
      1.3460209
      1.3618275
      1.3783675
      1.3940374
      1.4095963
      1.4252512
      1.4405648
      1.4561412
      1.4723907
      1.4875014
      1.5021870
      1.5175615
      1.5327774
      1.5490873
      1.5651499
      1.5802595
      1.5949787
      1.6095476
      1.6246896
      1.6400959
      1.6550262
      1.6697724
      1.6841908
      1.6994479
      1.7144550
      1.7302627
      1.7455920
      1.7602231
      1.7753298
      1.7909721
      1.8056067
      1.8204962
      1.8360346
      1.8512082
      1.8659223
      1.8810727
      1.8961699
      1.9114505
      1.9269900
      1.9416425
      1.9568670
      1.9714267
      1.9866555
      2.0015961
      2.0171492
      2.0316483
      2.0459766
      2.0613356
      2.0769290
      2.0919895
      2.1065744
      2.1219690
      2.1377547
      2.1532749
      2.1680174
      2.1835690
      2.1987034
      2.2134355
      2.2282545
      2.2432183
      2.2588361
      2.2741058
      2.2895444
      2.3043164
      2.3192365
      2.3349841
      2.3499203
      2.3648008
      2.3801664
      2.3961652
      2.4121748
      2.4279340
      2.4430947
      2.4588417
      2.4747395
      2.4901444
      2.5066753
      2.5221053
      2.5377378
      2.5539601
      2.5702758
      2.5859924
      2.6011160
      2.6179935
      2.6335813
      2.6495750
      2.6651842
      2.6811368
      2.6973506
      2.7141889
      2.7298061
      2.7456750
      2.7628724
      2.7796010
      2.7956990
      2.8119948
      2.8276559
      2.8439666
      2.8607056
      2.8768938
      2.8938866
      2.9106731
      2.9285680
      2.9451068
      2.9621392
      2.9788151
      2.9965282
      3.0133179
      3.0299384
      3.0479973
      3.0652763
      3.0828593
      3.1004918
      3.1191550
      3.1356331
      3.1542318
      3.1722027
      3.1899060
      3.2087664
      3.2268798
      3.2437705
      3.2617907
      3.2793535
      3.2972477
      3.3150324
      3.3321705
      3.3505125
      3.3701424
      3.3882403
      3.4066072
      3.4252028
      3.4453531
      3.4645127
      3.4838046
      3.5021815
      3.5205953
      3.5390503
      3.5579114
      3.5763633
      3.5959480
      3.6143405
      3.6341525
      3.6542130
      3.6745727
      3.6935182
      3.7135112
      3.7330221
      3.7519496
      3.7707927
      3.7904634
      3.8103037
      3.8293672
      3.8501069
      3.8711354
      3.8910097
      3.9109953
      3.9307144
      3.9513669
      3.9730812
      3.9939776
      4.0156343
      4.0361100
      4.0567474
      4.0788597
      4.1002053
      4.1218019
      4.1432558
      4.1645685
      4.1857088
      4.2065794
      4.2300145
      4.2529286
      4.2750752
      4.2977153
      4.3212832
      4.3433901
      4.3674767
      4.3910448
      4.4163769
      4.4401246
      4.4625273
      4.4861477
      4.5106547
      4.5342982
      4.5582870
      4.5823041
      4.6060584
      4.6294442
      4.6538782
      4.6797711
      4.7039687
      4.7280302
      4.7531606
      4.7768579
      4.8011186
      4.8251082
      4.8505184
      4.8772893
      4.9030249
      4.9281330
      4.9554530
      4.9816457
      5.0090604
      5.0345534
      5.0615624
      5.0897601
      5.1172173
      5.1449289
      5.1747086
      5.2020355
      5.2309560
      5.2591173
      5.2851307
      5.3136615
      5.3427636
      5.3710803
      5.3991024
      5.4282595
      5.4577306
      5.4866488
      5.5160225
      5.5468537
      5.5772005
      5.6058568
      5.6374225
      5.6670242
      5.6990589
      5.7295595
      5.7621503
      5.7927206
      5.8239957
      5.8548744
      5.8855315
      5.9194650
      5.9513154
      5.9840014
      6.0162468
      6.0512145
      6.0848592
      6.1173202
      6.1506034
      6.1868359
      6.2213483
      6.2559051
      6.2898030
      6.3245393
      6.3608534
      6.3955375
      6.4301923
      6.4647494
      6.5012317
      6.5362090
      6.5734335
      6.6100417
      6.6462497
      6.6849358
      6.7244878
      6.7638934
      6.8028896
      6.8412293
      6.8833124
      6.9247725
      6.9630765
      7.0030821
      7.0435744
      7.0846136
      7.1265691
      7.1692027
      7.2086579
      7.2491835
      7.2920178
      7.3350497
      7.3801300
      7.4251339
      7.4684652
      7.5100227
      7.5550343
      7.6008479
      7.6446703
      7.6894801
      7.7335257
      7.7796334
      7.8245976
      7.8710793
      7.9138371
      7.9599961
      8.0072090
      8.0549712
      8.1047583
      8.1517123
      8.2018405
      8.2554438
      8.3033132
      8.3539514
      8.4065979
      8.4613007
      8.5169445
      8.5679491
      8.6232855
      8.6774973
      8.7312580
      8.7875814
      8.8454983
      8.9028768
      8.9592537
      9.0177116
      9.0741760
      9.1327878
      9.1910596
      9.2522147
      9.3129381
      9.3720281
      9.4321298
      9.4939623
      9.5555240
      9.6178312
      9.6830026
      9.7462265
      9.8136949
      9.8805103
      9.9479830
      10.015726
      10.084922
      10.151279
      10.221494
      10.290575
      10.360640
      10.436843
      10.508956
      10.586267
      10.662332
      10.735196
      10.812864
      10.888072
      10.960985
      11.037996
      11.116610
      11.194951
      11.270532
      11.350981
      11.432288
      11.516931
      11.600138
      11.686389
      11.771753
      11.857195
      11.948628
      12.035480
      12.124783
      12.217550
      12.308895
      12.395464
      12.486291
      12.576284
      12.674436
      12.765722
      12.859372
      12.964146
      13.062223
      13.157607
      13.257212
      13.361039
      13.466736
      13.571711
      13.683269
      13.787785
      13.899696
      14.006927
      14.117951
      14.231486
      14.345610
      14.459676
      14.571188
      14.685679
      14.802758
      14.919634
      15.035278
      15.153835
      15.271318
      15.389192
      15.506845
      15.629232
      15.757037
      15.883890
      16.010234
      16.139936
      16.271083
      16.402740
      16.542891
      16.680263
      16.821622
      16.965066
      17.108641
      17.248780
      17.390336
      17.534760
      17.679375
      17.826078
      17.970531
      18.121076
      18.269988
      18.416190
      18.576819
      18.732827
      18.899471
      19.060751
      19.213724
      19.382863
      19.549463
      19.715760
      19.874316
      20.048025
      20.220889
      20.391612
      20.562532
      20.734968
      20.906661
      21.085174
      21.251985
      21.431277
      21.609354
      21.794631
      21.978560
      22.166272
      22.358756
      22.543846
      22.751113
      22.954234
      23.151506
      23.342956
      23.542257
      23.743203
      23.940511
      24.132936
      24.339522
      24.548591
      24.744517
      24.946557
      25.152847
      25.363206
      25.586599
      25.802088
      26.014644
      26.222963
      26.441267
      26.662480
      26.881976
      27.096917
      27.301873
      27.525943
      27.758993
      27.985628
      28.224990
      28.453078
      28.681226
      28.927999
      29.174119
      29.405548
      29.644806
      29.885373
      30.134725
      30.370080
      30.606925
      30.860327
      31.104795
      31.357872
      31.618211
      31.861185
      32.115819
      32.373955
      32.629085
      32.875225
      33.135379
      33.409479
      33.665966
      33.921084
      34.201817
      34.471834
      34.732903
      35.004628
      35.265947
      35.544133
      35.831680
      36.114207
      36.391975
      36.675163
      36.953012
      37.245436
      37.536040
      37.832782
      38.123440
      38.425058
      38.712717
      38.999246
      39.281015
      39.576666
      39.876114
      40.191944
      40.517503
      40.806324
      41.104974
      41.415572
      41.729195
      42.027857
      42.348849
      42.655656
      42.977844
      43.296508
      43.599105
      43.907742
      44.233024
      44.542915
      44.854928
      45.201386
      45.527342
      45.856459
      46.194102
      46.525799
      46.851804
      47.163272
      47.505407
      47.831243
      48.180386
      48.531157
      48.883391
      49.221384
      49.568814
      49.915049
      50.283150
      50.637096
      50.989699
      51.364459
      51.712449
      52.066540
      52.420370
      52.775033
      53.145405
      53.502042
      53.875267
      54.253802
      54.607857
      54.991067
      55.354902
      55.725574
      56.098044
      56.488340
      56.887716
      57.266142
      57.648574
      58.002548
      58.394472
      58.798061
      59.176683
      59.593580
      59.961278
      60.359107
      60.758768
      61.168704
      61.557393
      61.929239
      62.332228
      62.748900
      63.153305
      63.564102
      63.965103
      64.375379
      64.791674
      65.224824
      65.624823
      66.047521
      66.449661
      66.884019
      67.318305
      67.728224
      68.159298
      68.579083
      69.002747
      69.437754
      69.870922
      70.315450
      70.716321
      71.163977
      71.614858
      72.047292
      72.480966
      72.917551
      73.375096
      73.820211
      74.261165
      74.699935
      75.146122
      75.586476
      76.038865
      76.500528
      76.961248
      77.441161
      77.891456
      78.366820
      78.857929
      79.311658
      79.816108
      80.276059
      80.737092
      81.214739
      81.702903
      82.179074
      82.680576
      83.137708
      83.603202
      84.112341
      84.646362
      85.138571
      85.650730
      86.161665
      86.692636
      87.210393
      87.701263
      88.209736
      88.748276
      89.263788
      89.753551
      90.265075
      90.802287
      91.334764
      91.840790
      92.384680
      92.927720
      93.474862
      94.022387
      94.563402
      95.091882
      95.635462
      96.165320
      96.716743
      97.260803
      97.802055
      98.330880
      98.871509
      99.430064
      99.984231
      100.55795
      101.11923
      101.66719
      102.23360
      102.79035
      103.32783
      103.92223
      104.47657
      105.06492
      105.63105
      106.18149
      106.75263
      107.34654
      107.93596
      108.53345
      109.11398
      109.71545
      110.31850
      110.91166
      111.51106
      112.12668
      112.75206
      113.34230
      113.96725
      114.59195
      115.20809
      115.80820
      116.42623
      117.03481
      117.66206
      118.29562
      118.91640
      119.55069
      120.21216
      120.87971
      121.51130
      122.13088
      122.75513
      123.41707
      124.07635
      124.72457
      125.39641
      126.04949
      126.70546
      127.39561
      128.06662
      128.73199
      129.37433
      130.04236
      130.69790
      131.39771
      132.06382
      132.75296
      133.39823
      134.06654
      134.81858
      135.51296
      136.19380
      136.90264
      137.62421
      138.36383
      139.06766
      139.79402
      140.53624
      141.23773
      141.97639
      142.72000
      143.45015
      144.12601
      144.86698
      145.62390
      146.37111
      147.09510
      147.83186
      148.60296
      149.36703
      150.10617
      150.85572
      151.60843
      152.35255
      153.12701
      153.89697
      154.70312
      155.52122
      156.33586
      157.15180
      157.97489
      158.76339
      159.56050
      160.39796
      161.19120
      162.02180
      162.81718
      163.67108
      164.49629
      165.30977
      166.14112
      166.97250
      167.83498
      168.67936
      169.46361
      170.29289
      171.14457
      172.01385
      172.86905
      173.72398
      174.60747
      175.50431
      176.37807
      177.20911
      178.10913
      179.01903
      179.92709
      180.81308
      181.68587
      182.62500
      183.58496
      184.52465
      185.41617
      186.31802
      187.23323
      188.13761
      189.06335
      189.96688
      190.90889
      191.86705
      192.79678
      193.74212
      194.72318
      195.70313
      196.63609
      197.61746
      198.66287
      199.62821
      200.66718
      201.67662
      202.61016
      203.62467
      204.64698
      205.64045
      206.63288
      207.60257
      208.63816
      209.59844
      210.60207
      211.63584
      212.65809
      213.69839
      214.75878
      215.80562
      216.83542
      217.87249
      218.91672
      219.97160
      221.01599
      222.10347
      223.16079
      224.30614
      225.42975
      226.52998
      227.68323
      228.80651
      229.94388
      231.00868
      232.12295
      233.24968
      234.39482
      235.53920
      236.73240
      237.92823
      239.07283
      240.22214
      241.39071
      242.57004
      243.78586
      245.03800
      246.21672
      247.45358
      248.64213
      249.86356
      251.06550
      252.27978
      253.56831
      254.75464
      256.00343
      257.24667
      258.54884
      259.88741
      261.08187
      262.42491
      263.71495
      265.06779
      266.39178
      267.74911
      269.11192
      270.46619
      271.81807
      273.15888
      274.55828
      275.87913
      277.25427
      278.58780
      279.96658
      281.45207
      282.95558
      284.42655
      285.87853
      287.33325
      288.69672
      290.24873
      291.60940
      293.12190
      294.61339
      296.12700
      297.65815
      299.13172
      300.63661
      302.18253
      303.69835
      305.20558
      306.80603
      308.35692
      309.97530
      311.53646
      313.11434
      314.72440
      316.37885
      318.02388
      319.67447
      321.27994
      323.01918
      324.73684
      326.49926
      328.18477
      329.81418
      331.51170
      333.33797
      335.03699
      336.84790
      338.58761
      340.39404
      342.18664
      344.00287
      345.86718
      347.80392
      349.69311
      351.51530
      353.34961
      355.25591
      357.14613
      359.18054
      361.19432
      363.19706
      365.21683
      367.13483
      369.11552
      371.11682
      373.20374
      375.31078
      377.46579
      379.57978
      381.69474
      383.84895
      386.07426
      388.31342
      390.59606
      392.78672
      395.03118
      397.34555
      399.64257
      401.97645
      404.32429
      406.64775
      408.96232
      411.31331
      413.80306
      416.29783
      418.86779
      421.57956
      424.16492
      426.74259
      429.44292
      432.24106
      434.92933
      437.71760
      440.47147
      443.29278
      446.14218
      449.17891
      452.26964
      455.40708
      458.43917
      461.67551
      464.96075
      468.26903
      471.68618
      475.26865
      478.96182
      482.80298
      486.54456
      490.34636
      494.13697
      498.15726
      502.55467
      506.98858
      511.41285
      515.97019
      521.01297
      526.28383
      531.74437
      537.29844
      543.27241
      549.60519
      556.73062
      564.30471
      572.58903
      581.01451
      591.22701
      601.95645
      615.54065
      631.78353
      652.97541
      683.23664
      736.10354
