     0.21421617
     0.26239858
     0.29489828
     0.32065933
     0.34403497
     0.36416064
     0.38351490
     0.39971424
     0.41538636
     0.42942085
     0.44354848
     0.45690452
     0.46937971
     0.48127889
     0.49252659
     0.50338777
     0.51466284
     0.52542759
     0.53547241
     0.54587438
     0.55491300
     0.56444490
     0.57383419
     0.58307950
     0.59167329
     0.60078173
     0.60980980
     0.61894445
     0.62759871
     0.63605302
     0.64378222
     0.65171029
     0.65985530
     0.66798411
     0.67665857
     0.68483991
     0.69269365
     0.70053653
     0.70830481
     0.71539712
     0.72301688
     0.73050597
     0.73834242
     0.74603119
     0.75365819
     0.76128539
     0.76828309
     0.77564830
     0.78310485
     0.79041993
     0.79759902
     0.80510012
     0.81222947
     0.81976805
     0.82665221
     0.83392907
     0.84122659
     0.84801568
     0.85494897
     0.86198396
     0.86924307
     0.87634644
     0.88318625
     0.89003684
     0.89701586
     0.90392046
     0.91053308
     0.91761703
     0.92464869
     0.93124976
     0.93849061
     0.94548083
     0.95269689
     0.95956297
     0.96665660
     0.97384377
     0.98109445
     0.98779480
     0.99461733
      1.0017264
      1.0085174
      1.0155823
      1.0231895
      1.0307345
      1.0377663
      1.0448675
      1.0517825
      1.0588801
      1.0662121
      1.0732876
      1.0800999
      1.0878513
      1.0951006
      1.1019810
      1.1091793
      1.1163031
      1.1234810
      1.1309066
      1.1381274
      1.1451816
      1.1524960
      1.1594132
      1.1664272
      1.1743265
      1.1815912
      1.1890606
      1.1962798
      1.2038315
      1.2111237
      1.2187351
      1.2263188
      1.2340534
      1.2415513
      1.2488574
      1.2563863
      1.2639957
      1.2718516
      1.2798185
      1.2877808
      1.2959992
      1.3041155
      1.3119469
      1.3197140
      1.3273932
      1.3355411
      1.3437693
      1.3518533
      1.3604627
      1.3685949
      1.3770422
      1.3855056
      1.3942792
      1.4026413
      1.4112746
      1.4198482
      1.4286965
      1.4371379
      1.4454790
      1.4539392
      1.4627812
      1.4716361
      1.4803952
      1.4894135
      1.4980791
      1.5068809
      1.5161840
      1.5249374
      1.5345158
      1.5437485
      1.5534097
      1.5625975
      1.5720744
      1.5816287
      1.5913352
      1.6010479
      1.6106912
      1.6204410
      1.6307059
      1.6405069
      1.6506276
      1.6609229
      1.6714362
      1.6817895
      1.6924135
      1.7021295
      1.7130009
      1.7239922
      1.7344986
      1.7457913
      1.7565804
      1.7673684
      1.7785918
      1.7899241
      1.8009630
      1.8123027
      1.8241599
      1.8355432
      1.8471090
      1.8591465
      1.8709027
      1.8826180
      1.8951209
      1.9073815
      1.9197920
      1.9323603
      1.9451549
      1.9572980
      1.9706360
      1.9831331
      1.9965877
      2.0095324
      2.0233796
      2.0372258
      2.0518115
      2.0646666
      2.0788769
      2.0926724
      2.1067126
      2.1209594
      2.1353335
      2.1494018
      2.1639587
      2.1789468
      2.1939742
      2.2095348
      2.2240520
      2.2400036
      2.2570319
      2.2731213
      2.2888319
      2.3055498
      2.3221524
      2.3379435
      2.3552274
      2.3722201
      2.3891198
      2.4066426
      2.4241698
      2.4432841
      2.4609966
      2.4789668
      2.4970708
      2.5166935
      2.5351264
      2.5528517
      2.5723438
      2.5915391
      2.6102544
      2.6302228
      2.6510191
      2.6717788
      2.6932546
      2.7138620
      2.7357059
      2.7576671
      2.7790435
      2.7997161
      2.8208620
      2.8450244
      2.8674994
      2.8905596
      2.9138848
      2.9369025
      2.9615977
      2.9852154
      3.0083095
      3.0326963
      3.0584583
      3.0831634
      3.1094009
      3.1351183
      3.1609585
      3.1873552
      3.2123070
      3.2386388
      3.2665333
      3.2960428
      3.3246635
      3.3535683
      3.3828588
      3.4120087
      3.4421368
      3.4722715
      3.5028358
      3.5350035
      3.5646019
      3.5962958
      3.6281811
      3.6628408
      3.6957575
      3.7275050
      3.7610643
      3.7969661
      3.8322004
      3.8661276
      3.9025751
      3.9379722
      3.9735398
      4.0092321
      4.0423327
      4.0814332
      4.1203674
      4.1580471
      4.1995069
      4.2365885
      4.2764901
      4.3158250
      4.3555790
      4.3948022
      4.4364308
      4.4791371
      4.5225359
      4.5664347
      4.6122000
      4.6571683
      4.7022103
      4.7499244
      4.7994106
      4.8438026
      4.8922479
      4.9422153
      4.9912130
      5.0392565
      5.0863705
      5.1359319
      5.1885178
      5.2377184
      5.2898821
      5.3441416
      5.3943559
      5.4461543
      5.4992492
      5.5548137
      5.6078121
      5.6659885
      5.7227775
      5.7811065
      5.8392322
      5.8973029
      5.9597906
      6.0195385
      6.0786146
      6.1391054
      6.2020647
      6.2658996
      6.3301598
      6.3961269
      6.4619427
      6.5275463
      6.5950089
      6.6589886
      6.7306234
      6.7990859
      6.8715414
      6.9423510
      7.0148146
      7.0873147
      7.1564889
      7.2321442
      7.3063220
      7.3844354
      7.4599993
      7.5334344
      7.6093432
      7.6869400
      7.7681713
      7.8558175
      7.9372323
      8.0152003
      8.0928746
      8.1717798
      8.2572034
      8.3429444
      8.4268015
      8.5145892
      8.6038905
      8.6949397
      8.7880525
      8.8807497
      8.9752296
      9.0625710
      9.1589243
      9.2460499
      9.3383709
      9.4378148
      9.5377775
      9.6386985
      9.7326055
      9.8337680
      9.9348560
      10.038480
      10.137871
      10.239686
      10.347406
      10.452828
      10.558448
      10.668920
      10.771599
      10.877747
      10.992847
      11.106419
      11.214570
      11.329585
      11.446299
      11.569232
      11.680390
      11.797358
      11.911677
      12.029132
      12.146839
      12.265058
      12.385343
      12.505847
      12.620948
      12.747623
      12.876066
      13.005744
      13.138290
      13.267295
      13.391573
      13.527685
      13.663190
      13.787114
      13.916353
      14.058146
      14.195930
      14.332459
      14.481272
      14.622495
      14.768453
      14.913865
      15.043457
      15.176935
      15.320615
      15.466995
      15.620879
      15.770260
      15.917802
      16.077993
      16.229180
      16.378713
      16.530818
      16.681223
      16.837189
      16.997775
      17.151430
      17.316721
      17.480834
      17.645081
      17.811249
      17.975952
      18.139642
      18.311469
      18.479298
      18.646127
      18.815599
      18.984602
      19.153606
      19.332107
      19.512187
      19.685019
      19.866272
      20.047002
      20.228299
      20.407187
      20.593483
      20.778919
      20.947824
      21.126706
      21.308674
      21.500997
      21.682471
      21.881287
      22.072292
      22.272117
      22.455262
      22.644685
      22.842258
      23.029073
      23.229754
      23.430517
      23.636936
      23.836660
      24.041250
      24.245396
      24.444358
      24.647102
      24.848143
      25.065490
      25.269607
      25.465972
      25.683485
      25.917128
      26.131250
      26.343513
      26.554299
      26.765659
      26.987942
      27.203703
      27.439011
      27.665013
      27.872273
      28.101209
      28.330882
      28.560292
      28.801799
      29.034270
      29.275848
      29.496540
      29.742505
      29.973111
      30.223332
      30.464158
      30.694185
      30.949468
      31.187748
      31.439463
      31.675081
      31.921097
      32.175913
      32.421095
      32.676096
      32.925416
      33.191252
      33.442801
      33.696343
      33.953794
      34.203997
      34.476393
      34.733728
      34.995336
      35.259194
      35.517817
      35.789828
      36.064028
      36.338712
      36.604620
      36.881033
      37.160417
      37.439598
      37.711311
      37.973267
      38.244693
      38.531472
      38.821881
      39.101879
      39.399363
      39.686440
      39.983188
      40.264346
      40.563329
      40.858120
      41.152946
      41.458802
      41.740972
      42.040463
      42.331730
      42.632068
      42.935655
      43.244098
      43.545978
      43.852217
      44.138240
      44.449832
      44.762242
      45.083749
      45.393727
      45.702808
      46.016230
      46.327419
      46.642161
      46.982099
      47.302976
      47.628212
      47.948465
      48.260291
      48.573818
      48.896028
      49.245861
      49.598233
      49.943832
      50.289077
      50.630819
      50.968611
      51.309748
      51.644672
      51.981556
      52.336393
      52.697785
      53.031849
      53.378968
      53.738544
      54.118735
      54.460896
      54.806604
      55.172701
      55.539830
      55.915756
      56.271321
      56.606739
      56.972645
      57.353325
      57.711517
      58.079352
      58.457615
      58.838535
      59.225965
      59.589759
      59.965813
      60.346065
      60.737512
      61.118177
      61.511372
      61.912249
      62.295530
      62.705141
      63.093448
      63.496540
      63.883671
      64.262559
      64.659218
      65.093698
      65.488788
      65.901145
      66.316373
      66.722526
      67.119344
      67.520774
      67.950831
      68.368769
      68.797888
      69.222032
      69.658510
      70.072894
      70.501022
      70.934310
      71.356253
      71.764590
      72.197248
      72.635907
      73.064080
      73.528578
      73.954819
      74.385447
      74.823732
      75.245275
      75.674001
      76.123392
      76.546520
      77.016886
      77.470026
      77.908591
      78.360351
      78.808760
      79.280688
      79.747064
      80.196353
      80.663454
      81.116162
      81.590311
      82.083555
      82.549954
      83.025840
      83.498556
      83.985653
      84.470148
      84.971286
      85.436833
      85.936392
      86.431179
      86.925897
      87.410027
      87.896467
      88.410886
      88.893725
      89.395724
      89.905778
      90.414977
      90.939521
      91.422355
      91.938068
      92.447333
      92.981321
      93.496312
      93.998062
      94.545589
      95.065394
      95.598719
      96.132354
      96.667631
      97.180733
      97.730787
      98.254018
      98.796871
      99.330846
      99.856917
      100.41066
      100.96263
      101.51924
      102.07903
      102.62690
      103.17873
      103.73759
      104.30825
      104.87198
      105.43439
      106.00193
      106.59061
      107.17096
      107.72846
      108.31889
      108.90667
      109.50929
      110.07801
      110.68842
      111.26837
      111.87801
      112.51540
      113.13114
      113.75274
      114.35112
      114.92397
      115.56079
      116.19403
      116.83803
      117.49663
      118.11795
      118.72335
      119.34921
      120.02367
      120.65636
      121.32815
      121.95336
      122.57734
      123.25597
      123.89906
      124.51147
      125.17114
      125.82298
      126.48323
      127.13607
      127.81452
      128.49039
      129.16198
      129.86168
      130.50495
      131.20866
      131.87443
      132.56423
      133.25399
      133.94118
      134.60195
      135.31527
      136.02956
      136.73145
      137.43282
      138.14657
      138.86841
      139.59403
      140.32168
      141.03227
      141.73146
      142.45664
      143.18831
      143.91675
      144.67354
      145.43506
      146.15888
      146.86598
      147.57971
      148.36575
      149.11759
      149.88302
      150.62171
      151.33910
      152.16092
      152.91174
      153.63919
      154.38675
      155.18668
      155.95350
      156.75057
      157.55096
      158.35929
      159.14728
      159.97782
      160.82043
      161.64014
      162.42245
      163.22807
      164.03905
      164.84811
      165.67851
      166.50959
      167.36664
      168.15811
      169.01817
      169.84184
      170.69182
      171.55668
      172.43230
      173.29784
      174.17610
      175.05149
      175.92953
      176.78476
      177.69579
      178.59505
      179.48179
      180.35619
      181.26037
      182.16279
      183.01640
      183.93827
      184.88486
      185.79750
      186.71989
      187.64293
      188.59213
      189.54143
      190.48966
      191.39388
      192.40348
      193.34244
      194.26063
      195.23376
      196.20837
      197.21642
      198.17542
      199.17372
      200.13312
      201.08119
      202.08228
      203.11891
      204.12726
      205.17679
      206.15972
      207.18388
      208.16455
      209.20410
      210.20864
      211.23704
      212.30430
      213.33955
      214.40220
      215.39976
      216.52369
      217.57194
      218.63033
      219.78328
      220.92855
      222.08406
      223.23404
      224.32652
      225.45035
      226.59026
      227.77536
      228.90649
      229.97525
      231.12525
      232.34272
      233.47913
      234.61091
      235.77616
      236.99456
      238.15674
      239.31290
      240.50327
      241.71894
      242.92077
      244.11088
      245.41383
      246.60842
      247.82634
      249.03323
      250.23554
      251.44278
      252.64588
      253.92227
      255.11503
      256.36556
      257.61791
      258.93722
      260.25511
      261.53221
      262.87164
      264.15105
      265.54709
      266.94347
      268.27694
      269.64610
      271.07563
      272.45305
      273.79027
      275.18831
      276.64043
      278.01933
      279.43110
      280.80497
      282.24956
      283.77283
      285.25096
      286.73775
      288.25374
      289.78590
      291.23631
      292.75293
      294.27347
      295.84369
      297.36894
      298.90652
      300.40613
      301.96458
      303.58044
      305.04910
      306.59172
      308.21262
      309.76938
      311.42984
      313.00314
      314.61986
      316.27239
      317.84384
      319.54061
      321.17218
      322.84998
      324.52837
      326.35605
      328.16461
      329.85130
      331.53993
      333.27497
      334.95070
      336.77261
      338.54678
      340.39340
      342.24395
      344.09383
      346.00653
      347.97685
      349.83059
      351.67925
      353.52523
      355.47117
      357.41429
      359.43271
      361.51698
      363.49252
      365.58071
      367.66999
      369.76758
      371.81903
      373.89998
      375.92836
      378.00306
      380.16621
      382.30631
      384.47670
      386.68495
      388.83947
      391.09163
      393.37011
      395.68098
      397.91049
      400.20086
      402.53461
      404.84357
      407.25871
      409.75631
      412.19979
      414.63429
      417.11370
      419.75411
      422.22916
      424.92813
      427.73076
      430.52612
      433.16703
      435.99473
      438.84481
      441.57240
      444.41924
      447.39423
      450.52292
      453.60139
      456.79180
      460.00071
      463.12035
      466.47750
      469.60256
      473.08130
      476.55020
      480.16130
      483.92043
      487.65400
      491.50536
      495.43011
      499.50937
      503.79414
      508.00221
      512.49270
      517.04867
      522.02789
      527.17533
      532.42048
      537.97457
      543.76666
      549.67665
      556.33107
      563.12006
      570.34911
      578.41297
      587.09888
      597.51370
      608.64126
      622.06111
      637.30642
      658.43763
      687.86177
      743.62414
