   0.0013216796
   0.0026105220
   0.0038867742
   0.0053038432
   0.0066507024
   0.0080307436
   0.0094009276
    0.010771371
    0.012164056
    0.013549590
    0.014890059
    0.016245089
    0.017576192
    0.018904024
    0.020222188
    0.021631758
    0.023000044
    0.024426617
    0.025847033
    0.027213091
    0.028581072
    0.030004666
    0.031484992
    0.032886524
    0.034257234
    0.035677224
    0.037076033
    0.038473442
    0.039937761
    0.041303970
    0.042683447
    0.044146468
    0.045545973
    0.046955625
    0.048423668
    0.049855808
    0.051370224
    0.052851739
    0.054286318
    0.055704045
    0.057140963
    0.058575796
    0.060069138
    0.061530110
    0.062947274
    0.064446339
    0.065987722
    0.067487982
    0.068958294
    0.070527573
    0.072112265
    0.073639746
    0.075213350
    0.076699591
    0.078285398
    0.079819509
    0.081316580
    0.082941495
    0.084438575
    0.085967770
    0.087579205
    0.089203390
    0.090752822
    0.092316651
    0.093938444
    0.095530786
    0.097064237
    0.098694474
     0.10026867
     0.10186708
     0.10349508
     0.10510575
     0.10671073
     0.10834127
     0.10994866
     0.11166414
     0.11321931
     0.11487792
     0.11648654
     0.11810168
     0.11972806
     0.12136222
     0.12308275
     0.12484987
     0.12653803
     0.12825986
     0.12991899
     0.13156092
     0.13321545
     0.13491711
     0.13662225
     0.13828566
     0.14005711
     0.14178891
     0.14352979
     0.14528695
     0.14701738
     0.14885696
     0.15070750
     0.15247381
     0.15426551
     0.15607600
     0.15791448
     0.15970199
     0.16146014
     0.16331026
     0.16514966
     0.16710611
     0.16885046
     0.17057835
     0.17237288
     0.17417514
     0.17605889
     0.17797280
     0.17980417
     0.18160437
     0.18348027
     0.18538021
     0.18724966
     0.18927160
     0.19128666
     0.19318389
     0.19503546
     0.19703489
     0.19911559
     0.20108128
     0.20301876
     0.20495790
     0.20689185
     0.20892700
     0.21090538
     0.21297371
     0.21495828
     0.21701014
     0.21902979
     0.22118535
     0.22317609
     0.22527687
     0.22744111
     0.22939914
     0.23148951
     0.23344964
     0.23560142
     0.23774189
     0.23983669
     0.24198508
     0.24428103
     0.24637539
     0.24843376
     0.25057145
     0.25273078
     0.25490250
     0.25705614
     0.25927213
     0.26140586
     0.26349182
     0.26561732
     0.26775703
     0.26999116
     0.27224671
     0.27454109
     0.27665256
     0.27900950
     0.28117660
     0.28351136
     0.28574222
     0.28810667
     0.29045864
     0.29274197
     0.29498034
     0.29728548
     0.29963594
     0.30201764
     0.30451930
     0.30684264
     0.30920080
     0.31166652
     0.31411761
     0.31661175
     0.31919775
     0.32170985
     0.32416791
     0.32663502
     0.32919208
     0.33173361
     0.33432971
     0.33685845
     0.33943645
     0.34195091
     0.34462150
     0.34729645
     0.34993568
     0.35260920
     0.35519499
     0.35794298
     0.36072394
     0.36339865
     0.36610544
     0.36880714
     0.37168506
     0.37430411
     0.37700760
     0.37983921
     0.38267073
     0.38537634
     0.38810445
     0.39090832
     0.39366561
     0.39648239
     0.39944026
     0.40239352
     0.40530611
     0.40835413
     0.41125808
     0.41417811
     0.41701080
     0.41998458
     0.42297996
     0.42620854
     0.42932442
     0.43230074
     0.43539262
     0.43837637
     0.44167341
     0.44465681
     0.44764381
     0.45077250
     0.45395708
     0.45720744
     0.46026725
     0.46350604
     0.46685041
     0.47016918
     0.47361562
     0.47683728
     0.47992471
     0.48309236
     0.48629573
     0.48974687
     0.49306180
     0.49649014
     0.49987184
     0.50328650
     0.50702275
     0.51037120
     0.51373208
     0.51746483
     0.52123908
     0.52481200
     0.52856295
     0.53221977
     0.53589421
     0.53956381
     0.54316115
     0.54692696
     0.55049342
     0.55432229
     0.55832315
     0.56220585
     0.56606009
     0.56993124
     0.57387771
     0.57792359
     0.58193279
     0.58610044
     0.59035780
     0.59433278
     0.59867823
     0.60276397
     0.60712675
     0.61141625
     0.61581894
     0.62006530
     0.62437331
     0.62857176
     0.63292830
     0.63740274
     0.64194181
     0.64645755
     0.65088537
     0.65529170
     0.66007527
     0.66479547
     0.66977086
     0.67432621
     0.67938394
     0.68418688
     0.68907369
     0.69403147
     0.69926367
     0.70428960
     0.70931158
     0.71445681
     0.71983773
     0.72495935
     0.73025842
     0.73548018
     0.74080364
     0.74602404
     0.75125170
     0.75709871
     0.76274835
     0.76852644
     0.77415903
     0.77995560
     0.78577541
     0.79156875
     0.79756210
     0.80393815
     0.81005834
     0.81606524
     0.82263639
     0.82861220
     0.83539549
     0.84212272
     0.84873687
     0.85555675
     0.86204764
     0.86910584
     0.87586316
     0.88249444
     0.88880329
     0.89596209
     0.90303673
     0.91039124
     0.91774477
     0.92507061
     0.93266711
     0.94047437
     0.94769734
     0.95575193
     0.96419182
     0.97228645
     0.98058860
     0.98852386
     0.99683733
      1.0056206
      1.0141176
      1.0224518
      1.0316463
      1.0403949
      1.0496615
      1.0592367
      1.0688077
      1.0785591
      1.0887670
      1.0986049
      1.1089492
      1.1188058
      1.1288247
      1.1391955
      1.1495247
      1.1607747
      1.1711924
      1.1822313
      1.1933761
      1.2042208
      1.2155817
      1.2277904
      1.2399804
      1.2521348
      1.2642400
      1.2762251
      1.2894334
      1.3026867
      1.3155745
      1.3293581
      1.3427967
      1.3566359
      1.3699955
      1.3842583
      1.3982514
      1.4122301
      1.4264528
      1.4412133
      1.4558550
      1.4707500
      1.4864119
      1.5027497
      1.5181076
      1.5346419
      1.5507710
      1.5664387
      1.5832874
      1.6007850
      1.6188590
      1.6371729
      1.6558987
      1.6745926
      1.6931100
      1.7121839
      1.7300614
      1.7504574
      1.7690253
      1.7895010
      1.8081892
      1.8293206
      1.8509688
      1.8733626
      1.8974795
      1.9207226
      1.9449198
      1.9678844
      1.9944767
      2.0195402
      2.0455885
      2.0705548
      2.0972124
      2.1225591
      2.1499287
      2.1775691
      2.2074015
      2.2378084
      2.2686294
      2.2979391
      2.3277905
      2.3599834
      2.3895337
      2.4217558
      2.4566642
      2.4923115
      2.5264697
      2.5611520
      2.5977623
      2.6320469
      2.6705450
      2.7105891
      2.7501896
      2.7922018
      2.8328134
      2.8762694
      2.9163391
      2.9611848
      3.0077798
      3.0537178
      3.1005491
      3.1478192
      3.1998478
      3.2496468
      3.3011125
      3.3565333
      3.4115317
      3.4679206
      3.5257895
      3.5853839
      3.6432667
      3.7043899
      3.7686823
      3.8333994
      3.9004861
      3.9706241
      4.0389093
      4.1081843
      4.1776157
      4.2487735
      4.3264109
      4.4013752
      4.4822715
      4.5626859
      4.6534294
      4.7348093
      4.8156488
      4.9045906
      4.9845905
      5.0747134
      5.1719326
      5.2631119
      5.3668405
      5.4590563
      5.5584929
      5.6565658
      5.7551776
      5.8628342
      5.9711125
      6.0843608
      6.1918557
      6.3083450
      6.4225390
      6.5347533
      6.6561055
      6.7763612
      6.9035152
      7.0284500
      7.1530997
      7.2864877
      7.4260562
      7.5639258
      7.7009921
      7.8415123
      7.9842763
      8.1348546
      8.2808864
      8.4261148
      8.5867823
      8.7393625
      8.8937160
      9.0542733
      9.2127718
      9.3702875
      9.5467229
      9.7122528
      9.8794710
      10.058471
      10.228175
      10.400158
      10.585303
      10.775821
      10.959477
      11.146015
      11.333987
      11.529770
      11.720064
      11.912523
      12.105304
      12.311252
      12.502096
      12.709723
      12.905647
      13.117156
      13.339233
      13.574193
      13.789962
      14.018630
      14.246278
      14.493042
      14.722300
      14.945556
      15.181636
      15.420332
      15.658775
      15.899413
      16.132760
      16.382274
      16.637070
      16.899473
      17.171417
      17.442695
      17.720256
      17.994881
      18.270253
      18.541882
      18.810738
      19.079738
      19.362505
      19.648436
      19.925021
      20.219880
      20.501072
      20.784270
      21.080842
      21.392109
      21.687748
      21.993601
      22.296296
      22.609418
      22.938975
      23.259471
      23.568287
      23.888942
      24.211419
      24.544951
      24.865119
      25.207433
      25.534661
      25.888756
      26.241357
      26.580030
      26.927273
      27.318549
      27.670399
      28.034928
      28.393507
      28.753813
      29.112742
      29.476318
      29.859002
      30.221570
      30.585222
      30.956300
      31.337619
      31.728527
      32.114795
      32.494421
      32.863964
      33.260412
      33.634093
      34.049593
      34.445148
      34.834789
      35.254286
      35.654848
      36.060471
      36.478121
      36.921425
      37.342016
      37.756634
      38.181354
      38.612492
      39.039266
      39.483662
      39.893805
      40.338375
      40.778624
      41.243281
      41.692785
      42.164669
      42.641703
      43.113366
      43.576088
      44.042872
      44.512181
      44.977875
      45.449483
      45.971668
      46.458318
      46.943621
      47.458261
      47.969684
      48.465204
      48.970313
      49.459673
      49.961655
      50.478895
      50.999344
      51.539201
      52.058451
      52.582181
      53.124127
      53.660753
      54.178872
      54.703207
      55.255419
      55.829799
      56.401588
      56.957606
      57.496297
      58.081234
      58.611645
      59.165978
      59.709364
      60.309603
      60.854761
      61.480445
      62.033346
      62.615879
      63.209468
      63.791275
      64.395011
      65.010393
      65.647328
      66.270835
      66.860820
      67.510704
      68.121865
      68.738813
      69.396218
      69.990988
      70.631328
      71.231721
      71.842217
      72.505130
      73.158344
      73.797813
      74.440563
      75.108044
      75.766899
      76.429158
      77.067851
      77.740977
      78.421894
      79.069299
      79.762503
      80.418891
      81.115184
      81.738697
      82.452210
      83.126771
      83.817544
      84.516841
      85.190910
      85.871916
      86.558012
      87.273835
      87.994241
      88.703581
      89.403590
      90.116228
      90.850491
      91.575432
      92.339705
      93.101539
      93.828826
      94.557078
      95.270292
      96.038331
      96.798166
      97.568815
      98.321392
      99.116644
      99.857397
      100.58226
      101.38609
      102.14738
      102.93046
      103.72954
      104.55259
      105.32774
      106.13946
      106.96385
      107.78194
      108.56696
      109.37585
      110.19725
      111.02938
      111.85331
      112.64256
      113.44137
      114.28972
      115.12321
      115.93178
      116.78258
      117.61302
      118.48645
      119.27452
      120.11775
      120.98547
      121.83976
      122.74333
      123.63612
      124.53620
      125.40887
      126.32104
      127.20243
      128.10752
      129.00746
      129.92558
      130.85679
      131.80022
      132.67736
      133.60467
      134.51516
      135.42875
      136.36912
      137.28158
      138.24092
      139.20622
      140.17827
      141.14642
      142.09417
      143.03027
      144.03270
      145.00484
      146.00063
      146.96544
      147.93218
      148.99990
      149.97196
      150.96501
      151.96722
      152.99116
      153.98410
      154.99786
      155.98866
      157.04828
      158.08986
      159.15465
      160.18790
      161.20914
      162.21900
      163.24976
      164.36219
      165.41179
      166.47254
      167.52431
      168.55488
      169.60632
      170.65368
      171.73454
      172.82289
      173.92340
      175.01506
      176.14218
      177.27727
      178.42075
      179.50589
      180.66160
      181.74109
      182.90057
      184.04444
      185.21536
      186.32096
      187.51528
      188.64261
      189.74480
      190.92594
      192.11065
      193.29092
      194.43808
      195.64498
      196.81775
      198.00730
      199.17445
      200.41784
      201.62365
      202.74629
      203.99045
      205.18357
      206.37109
      207.62293
      208.78091
      210.00964
      211.24629
      212.47751
      213.72048
      214.92480
      216.15635
      217.43667
      218.68878
      220.06274
      221.32390
      222.60180
      223.86307
      225.13929
      226.47528
      227.78556
      229.11354
      230.45483
      231.79161
      233.15731
      234.51067
      235.82551
      237.17987
      238.50261
      239.93948
      241.34148
      242.65470
      243.95048
      245.32924
      246.66199
      248.05426
      249.44643
      250.90996
      252.24655
      253.64827
      255.08054
      256.47998
      257.89309
      259.30002
      260.74001
      262.20370
      263.61030
      265.05818
      266.54897
      268.01546
      269.56256
      270.96853
      272.47243
      274.02086
      275.47814
      277.08987
      278.56000
      280.04930
      281.46419
      282.94366
      284.54053
      286.07634
      287.64323
      289.19902
      290.74349
      292.37151
      294.00335
      295.62934
      297.22728
      298.81745
      300.37802
      301.96505
      303.52474
      305.15991
      306.70907
      308.29398
      309.84228
      311.48356
      313.16305
      314.79980
      316.47729
      318.18735
      319.85077
      321.60203
      323.36209
      325.12254
      326.78053
      328.61231
      330.23454
      332.03332
      333.78830
      335.48371
      337.21784
      339.00938
      340.83209
      342.72471
      344.49757
      346.40227
      348.34039
      350.27428
      352.14912
      353.98824
      355.90328
      357.80484
      359.73874
      361.75134
      363.79185
      365.67214
      367.61737
      369.53139
      371.52838
      373.57877
      375.54569
      377.57801
      379.71053
      381.85845
      383.90730
      386.07890
      388.12073
      390.35365
      392.51108
      394.79509
      396.98762
      399.25545
      401.51604
      403.81619
      406.18984
      408.61432
      411.05663
      413.57710
      415.90087
      418.34345
      420.92386
      423.64297
      426.29061
      428.92911
      431.60167
      434.33854
      437.12862
      439.95274
      442.75628
      445.58167
      448.53814
      451.46349
      454.56978
      457.41571
      460.39221
      463.44408
      466.65266
      469.98596
      473.28839
      476.58407
      479.93250
      483.14054
      486.59755
      490.29868
      493.79352
      497.33377
      501.12842
      504.94184
      508.87204
      512.92401
      517.02641
      521.36770
      525.62085
      530.19622
      535.02992
      539.59009
      544.18232
      549.03354
      554.23832
      559.20034
      564.70766
      570.34317
      575.95999
      581.94966
      588.45875
      595.44956
      602.39097
      609.39750
      616.70470
      625.26764
      633.60510
      642.72260
      652.99057
      663.89811
      676.25712
      689.23941
      703.66665
      721.11629
      740.60278
      764.52883
      794.24812
      834.45509
      891.39037
      1004.1426
