  0.00093934477
   0.0018498596
   0.0028652590
   0.0038352278
   0.0048246027
   0.0057789760
   0.0067361112
   0.0076723824
   0.0085799694
   0.0095623996
    0.010577790
    0.011564866
    0.012583008
    0.013568173
    0.014538167
    0.015493408
    0.016498534
    0.017486446
    0.018495809
    0.019473471
    0.020495474
    0.021433105
    0.022463891
    0.023464298
    0.024509627
    0.025524964
    0.026588688
    0.027631082
    0.028718354
    0.029789199
    0.030830332
    0.031877622
    0.032945322
    0.033983563
    0.035010366
    0.036140474
    0.037145004
    0.038151132
    0.039166469
    0.040260248
    0.041401674
    0.042537678
    0.043592531
    0.044614054
    0.045656364
    0.046725511
    0.047788304
    0.048880900
    0.049985816
    0.051049897
    0.052132929
    0.053346182
    0.054457008
    0.055570800
    0.056647467
    0.057760631
    0.058922466
    0.060029477
    0.061161150
    0.062317203
    0.063384477
    0.064533674
    0.065669463
    0.066738063
    0.067891429
    0.069054904
    0.070144082
    0.071270116
    0.072391680
    0.073586653
    0.074745734
    0.075881694
    0.077053446
    0.078169114
    0.079319334
    0.080493674
    0.081715975
    0.082945284
    0.084110620
    0.085340805
    0.086494741
    0.087655862
    0.088906827
    0.090094023
    0.091319225
    0.092567532
    0.093750362
    0.094954615
    0.096187885
    0.097404415
    0.098632760
    0.099909412
     0.10118888
     0.10242383
     0.10369081
     0.10491689
     0.10620522
     0.10743725
     0.10872383
     0.10995855
     0.11119423
     0.11245972
     0.11378329
     0.11509381
     0.11639462
     0.11768508
     0.11897276
     0.12034885
     0.12172840
     0.12300608
     0.12430571
     0.12567769
     0.12700226
     0.12829856
     0.12959661
     0.13101664
     0.13235826
     0.13371201
     0.13503056
     0.13641916
     0.13778871
     0.13914816
     0.14055754
     0.14197902
     0.14328702
     0.14471019
     0.14610717
     0.14745714
     0.14885232
     0.15025995
     0.15170637
     0.15308473
     0.15456545
     0.15594868
     0.15744804
     0.15896120
     0.16042104
     0.16185479
     0.16333208
     0.16474910
     0.16628742
     0.16779172
     0.16927404
     0.17085187
     0.17227116
     0.17384802
     0.17534369
     0.17693510
     0.17848747
     0.18006410
     0.18163435
     0.18319219
     0.18474130
     0.18631698
     0.18785187
     0.18939222
     0.19096328
     0.19251545
     0.19413761
     0.19571871
     0.19746202
     0.19907435
     0.20063864
     0.20219103
     0.20381313
     0.20545609
     0.20708004
     0.20869115
     0.21028850
     0.21193763
     0.21371457
     0.21535293
     0.21697283
     0.21868313
     0.22034723
     0.22201092
     0.22369118
     0.22542439
     0.22718802
     0.22895653
     0.23054303
     0.23220569
     0.23391150
     0.23576378
     0.23762524
     0.23941170
     0.24121559
     0.24304750
     0.24488572
     0.24668571
     0.24854877
     0.25043493
     0.25230735
     0.25412872
     0.25591195
     0.25772082
     0.25959705
     0.26149077
     0.26336621
     0.26532114
     0.26718496
     0.26909248
     0.27095371
     0.27282806
     0.27474980
     0.27669735
     0.27862365
     0.28056918
     0.28259789
     0.28454584
     0.28656741
     0.28852470
     0.29055308
     0.29266922
     0.29471714
     0.29673054
     0.29898102
     0.30100285
     0.30320906
     0.30534768
     0.30744269
     0.30951579
     0.31159139
     0.31371088
     0.31596868
     0.31821016
     0.32043976
     0.32269432
     0.32497685
     0.32726230
     0.32949936
     0.33182010
     0.33397051
     0.33625203
     0.33850366
     0.34083817
     0.34318334
     0.34565947
     0.34805324
     0.35047939
     0.35281096
     0.35534697
     0.35781872
     0.36022657
     0.36265127
     0.36520532
     0.36766755
     0.37007259
     0.37261168
     0.37521315
     0.37770360
     0.38022018
     0.38284009
     0.38546424
     0.38816597
     0.39064095
     0.39332871
     0.39613363
     0.39894504
     0.40168254
     0.40430505
     0.40695086
     0.40975819
     0.41271226
     0.41570358
     0.41856356
     0.42144150
     0.42422889
     0.42718257
     0.43007297
     0.43304527
     0.43604055
     0.43902959
     0.44209331
     0.44504621
     0.44808612
     0.45106487
     0.45407754
     0.45721851
     0.46046979
     0.46371037
     0.46679262
     0.47009163
     0.47333518
     0.47662579
     0.47990184
     0.48324687
     0.48664452
     0.48996838
     0.49329957
     0.49668305
     0.50022376
     0.50378296
     0.50746829
     0.51114812
     0.51474843
     0.51858044
     0.52218204
     0.52596746
     0.52958589
     0.53338397
     0.53740154
     0.54132484
     0.54520143
     0.54911081
     0.55333626
     0.55745514
     0.56127271
     0.56552815
     0.56975471
     0.57392196
     0.57790562
     0.58230263
     0.58658157
     0.59073281
     0.59539013
     0.60003239
     0.60435985
     0.60904453
     0.61371014
     0.61813296
     0.62291872
     0.62777959
     0.63256491
     0.63772517
     0.64284574
     0.64795645
     0.65295673
     0.65833511
     0.66345084
     0.66924694
     0.67469104
     0.68009433
     0.68577599
     0.69129035
     0.69704814
     0.70341922
     0.70944470
     0.71588960
     0.72221682
     0.72854912
     0.73509815
     0.74117668
     0.74786232
     0.75456982
     0.76156044
     0.76872972
     0.77596259
     0.78288773
     0.79024454
     0.79794845
     0.80603437
     0.81386323
     0.82165618
     0.83001641
     0.83810184
     0.84698511
     0.85520293
     0.86453694
     0.87335073
     0.88269176
     0.89208941
     0.90142138
     0.91141082
     0.92069393
     0.93110634
     0.94094275
     0.95196312
     0.96323502
     0.97580256
     0.98765182
     0.99938683
      1.0110249
      1.0235995
      1.0362382
      1.0491533
      1.0614394
      1.0745575
      1.0881199
      1.1017729
      1.1171240
      1.1327529
      1.1486255
      1.1631040
      1.1794442
      1.1966802
      1.2141985
      1.2310534
      1.2494242
      1.2667177
      1.2863247
      1.3060280
      1.3254633
      1.3450887
      1.3663699
      1.3875094
      1.4087900
      1.4303934
      1.4533232
      1.4765019
      1.5000080
      1.5248329
      1.5490204
      1.5723005
      1.5981733
      1.6255133
      1.6529758
      1.6810023
      1.7109394
      1.7397844
      1.7690838
      1.7989574
      1.8313876
      1.8641782
      1.8966825
      1.9306890
      1.9659350
      2.0007828
      2.0366106
      2.0760134
      2.1124220
      2.1529152
      2.1902299
      2.2296995
      2.2692711
      2.3112199
      2.3548588
      2.4005814
      2.4459816
      2.4897347
      2.5361306
      2.5807245
      2.6284883
      2.6783619
      2.7276847
      2.7788950
      2.8338875
      2.8896865
      2.9440840
      3.0036439
      3.0610881
      3.1220994
      3.1885743
      3.2534582
      3.3181396
      3.3864609
      3.4517436
      3.5201185
      3.5858563
      3.6519584
      3.7190032
      3.7880053
      3.8612716
      3.9364164
      4.0129861
      4.0884330
      4.1678600
      4.2534910
      4.3386046
      4.4301618
      4.5161142
      4.6073730
      4.7033076
      4.7927060
      4.8902084
      4.9867392
      5.0821619
      5.1858329
      5.2907096
      5.3927934
      5.4971458
      5.6112760
      5.7149209
      5.8242492
      5.9391812
      6.0491638
      6.1721523
      6.2909769
      6.4055236
      6.5292887
      6.6533670
      6.7809159
      6.9122898
      7.0444970
      7.1739536
      7.3078273
      7.4454433
      7.5848167
      7.7291703
      7.8773106
      8.0246266
      8.1744795
      8.3289483
      8.4861300
      8.6411789
      8.7981353
      8.9562791
      9.1182389
      9.2846145
      9.4415646
      9.5965524
      9.7652051
      9.9459588
      10.124594
      10.292833
      10.477339
      10.658120
      10.847045
      11.038247
      11.234590
      11.427373
      11.613533
      11.803000
      12.013550
      12.208765
      12.400206
      12.614330
      12.816142
      13.019767
      13.234920
      13.451996
      13.673693
      13.900618
      14.122292
      14.344149
      14.568451
      14.798990
      15.026532
      15.267574
      15.508658
      15.747240
      16.002997
      16.248901
      16.498484
      16.755004
      17.010502
      17.285119
      17.536763
      17.805636
      18.064860
      18.341907
      18.618232
      18.891549
      19.165417
      19.445786
      19.712688
      19.995109
      20.289935
      20.589158
      20.886434
      21.177351
      21.474695
      21.765019
      22.057608
      22.369653
      22.663222
      22.971108
      23.282550
      23.593752
      23.906140
      24.231675
      24.547718
      24.891305
      25.248723
      25.588120
      25.922986
      26.266902
      26.616302
      26.969447
      27.318358
      27.661212
      28.009002
      28.360724
      28.734176
      29.107085
      29.456478
      29.827636
      30.200201
      30.565844
      30.959274
      31.347501
      31.745980
      32.140065
      32.512785
      32.886028
      33.295542
      33.715833
      34.107193
      34.507365
      34.912832
      35.319838
      35.730046
      36.127977
      36.547016
      36.977996
      37.404561
      37.830442
      38.279742
      38.704048
      39.127155
      39.590844
      40.046075
      40.493797
      40.942285
      41.391714
      41.854698
      42.301967
      42.752264
      43.208402
      43.684066
      44.162361
      44.629733
      45.116731
      45.583181
      46.074360
      46.572827
      47.069648
      47.571634
      48.066325
      48.550691
      49.034514
      49.550767
      50.065141
      50.577103
      51.102233
      51.610242
      52.105739
      52.596757
      53.133818
      53.682395
      54.217359
      54.777768
      55.302219
      55.828623
      56.385856
      56.968411
      57.512535
      58.040297
      58.594479
      59.145945
      59.706293
      60.270811
      60.833575
      61.395792
      61.974182
      62.548153
      63.119364
      63.715853
      64.305496
      64.932087
      65.519372
      66.128242
      66.729086
      67.353603
      67.945267
      68.538761
      69.169486
      69.801688
      70.426032
      71.049317
      71.681791
      72.335955
      73.003908
      73.656145
      74.305192
      74.957436
      75.601177
      76.252829
      76.894869
      77.556071
      78.213206
      78.904361
      79.574451
      80.257329
      80.948511
      81.647869
      82.317177
      83.010364
      83.706300
      84.375652
      85.105269
      85.778040
      86.503765
      87.185855
      87.906903
      88.581443
      89.298797
      90.066471
      90.800237
      91.514920
      92.273656
      93.013770
      93.767919
      94.515431
      95.267682
      96.048696
      96.780175
      97.564884
      98.327318
      99.103676
      99.854020
      100.63479
      101.42915
      102.19146
      102.98596
      103.78892
      104.58388
      105.40388
      106.19082
      107.04434
      107.86472
      108.68293
      109.49044
      110.30610
      111.12431
      111.93363
      112.76605
      113.62690
      114.52720
      115.42582
      116.24793
      117.10886
      117.99755
      118.90720
      119.75020
      120.58712
      121.48707
      122.32682
      123.20608
      124.11585
      124.99627
      125.88116
      126.80336
      127.74546
      128.62404
      129.52473
      130.43543
      131.33890
      132.28608
      133.20916
      134.13488
      135.05614
      135.98374
      136.95322
      137.89296
      138.85359
      139.84146
      140.79498
      141.76237
      142.73812
      143.71546
      144.72273
      145.71668
      146.70026
      147.70107
      148.73587
      149.74193
      150.73933
      151.73357
      152.73699
      153.70624
      154.71859
      155.73981
      156.74866
      157.75068
      158.74873
      159.77556
      160.85492
      161.89309
      162.97312
      164.01998
      165.10130
      166.15623
      167.16401
      168.30807
      169.39316
      170.53724
      171.59978
      172.66656
      173.74406
      174.85744
      175.94560
      177.04295
      178.20350
      179.30079
      180.42754
      181.55292
      182.69610
      183.80692
      184.94274
      186.04811
      187.14108
      188.26500
      189.41094
      190.52958
      191.74379
      192.85749
      194.02691
      195.25107
      196.53404
      197.70227
      198.90794
      200.05506
      201.28596
      202.51821
      203.75305
      204.94514
      206.17581
      207.37649
      208.63071
      209.88709
      211.08313
      212.33272
      213.59105
      214.85465
      216.09504
      217.41302
      218.67036
      219.91326
      221.22226
      222.50940
      223.77397
      225.09265
      226.44872
      227.73234
      229.06607
      230.41631
      231.71704
      233.03483
      234.41193
      235.73482
      237.08283
      238.34799
      239.69053
      241.05847
      242.39926
      243.79786
      245.17177
      246.52402
      247.98699
      249.38735
      250.81233
      252.18810
      253.68278
      255.18193
      256.62662
      258.02281
      259.53367
      260.96926
      262.40198
      263.78118
      265.25775
      266.75123
      268.22471
      269.68610
      271.21207
      272.70496
      274.18936
      275.70691
      277.25467
      278.77760
      280.28951
      281.79073
      283.38320
      284.89428
      286.29632
      287.83091
      289.36011
      290.95355
      292.55951
      294.24433
      295.84138
      297.41854
      299.01690
      300.61373
      302.20979
      303.81569
      305.47884
      307.15085
      308.80240
      310.44580
      312.18922
      313.92554
      315.65138
      317.39375
      319.15469
      320.90126
      322.62096
      324.35015
      326.13858
      327.87125
      329.50715
      331.23949
      333.10509
      334.84404
      336.59956
      338.44693
      340.20515
      341.94777
      343.76940
      345.71516
      347.47691
      349.40360
      351.28451
      353.08668
      354.97166
      356.89737
      358.94564
      360.90489
      362.85145
      364.86351
      366.81965
      368.87081
      370.93857
      372.92907
      374.97476
      377.02404
      379.13618
      381.36664
      383.60684
      385.92330
      388.06730
      390.24393
      392.53056
      394.76452
      397.05834
      399.22078
      401.55876
      403.77775
      406.10898
      408.56382
      410.91649
      413.34515
      415.80438
      418.26579
      420.87233
      423.36839
      426.09261
      428.70999
      431.24834
      434.07904
      436.70755
      439.46375
      442.24176
      445.00566
      447.76340
      450.67594
      453.54885
      456.44101
      459.42678
      462.53429
      465.68606
      468.85926
      472.13157
      475.29719
      478.67836
      481.94598
      485.28184
      488.65165
      492.03166
      495.71575
      499.39139
      503.16222
      507.07529
      510.91930
      514.98775
      519.08911
      523.12002
      527.36991
      531.96542
      536.47129
      540.84705
      545.62241
      550.53788
      555.21726
      560.42702
      565.81097
      571.58215
      577.40453
      583.49830
      589.89987
      596.91826
      603.74829
      611.34985
      618.72369
      626.72642
      635.63954
      645.06189
      655.09843
      666.17572
      678.19727
      691.71180
      705.63261
      722.54478
      741.86258
      766.42102
      796.08217
      838.07986
      895.44646
      1008.6130
