   0.0084568310
    0.016701401
    0.024395653
    0.032303612
    0.040163201
    0.048145424
    0.055968752
    0.064271952
    0.072762789
    0.080888469
    0.089767561
    0.098176606
     0.10671471
     0.11541405
     0.12442738
     0.13353184
     0.14244907
     0.15122820
     0.16004037
     0.16862908
     0.17783866
     0.18657572
     0.19567031
     0.20475821
     0.21371675
     0.22313899
     0.23265869
     0.24182789
     0.25125782
     0.26128212
     0.27041207
     0.27985221
     0.28928639
     0.29885540
     0.30832377
     0.31876805
     0.32779441
     0.33739045
     0.34746876
     0.35740677
     0.36771704
     0.37792363
     0.38873675
     0.39959965
     0.40969324
     0.41988374
     0.43020654
     0.44075592
     0.45167479
     0.46230437
     0.47296116
     0.48387867
     0.49483673
     0.50556056
     0.51678108
     0.52742769
     0.53887242
     0.55029411
     0.56219057
     0.57383441
     0.58568323
     0.59784376
     0.60917703
     0.62165855
     0.63368158
     0.64564813
     0.65695661
     0.66882985
     0.68085422
     0.69310610
     0.70605882
     0.71798664
     0.73061033
     0.74272515
     0.75513758
     0.76785872
     0.78084754
     0.79341441
     0.80633341
     0.82020132
     0.83359527
     0.84731796
     0.86140971
     0.87485198
     0.88851300
     0.90243933
     0.91649520
     0.93063754
     0.94546657
     0.95895828
     0.97262053
     0.98640072
      1.0001401
      1.0136166
      1.0284116
      1.0436825
      1.0585529
      1.0732238
      1.0881590
      1.1033047
      1.1191651
      1.1350174
      1.1506040
      1.1652258
      1.1805578
      1.1962322
      1.2117246
      1.2277215
      1.2444321
      1.2611659
      1.2771782
      1.2918256
      1.3091887
      1.3261623
      1.3431236
      1.3597496
      1.3768590
      1.3941074
      1.4105058
      1.4272371
      1.4449266
      1.4621956
      1.4798259
      1.4983390
      1.5169699
      1.5342575
      1.5531943
      1.5707471
      1.5893640
      1.6083740
      1.6266696
      1.6444869
      1.6633038
      1.6826431
      1.7015662
      1.7206256
      1.7399902
      1.7594298
      1.7800202
      1.7995503
      1.8207804
      1.8412140
      1.8627655
      1.8840409
      1.9042504
      1.9249044
      1.9454150
      1.9666167
      1.9872215
      2.0073851
      2.0284413
      2.0498148
      2.0711023
      2.0932017
      2.1147060
      2.1362607
      2.1582849
      2.1808684
      2.2032148
      2.2260455
      2.2491473
      2.2736273
      2.2966709
      2.3204112
      2.3431605
      2.3670838
      2.3901875
      2.4132628
      2.4368682
      2.4605265
      2.4845373
      2.5093678
      2.5340044
      2.5595947
      2.5842723
      2.6086192
      2.6324899
      2.6570812
      2.6826656
      2.7070574
      2.7326809
      2.7583500
      2.7851153
      2.8096414
      2.8358247
      2.8613897
      2.8883578
      2.9149101
      2.9416117
      2.9684798
      2.9946923
      3.0211007
      3.0493590
      3.0757353
      3.1041068
      3.1319771
      3.1597726
      3.1880115
      3.2184708
      3.2442382
      3.2722411
      3.2999687
      3.3259065
      3.3548819
      3.3846026
      3.4138109
      3.4453011
      3.4752030
      3.5054168
      3.5348735
      3.5655048
      3.5947919
      3.6251640
      3.6570329
      3.6902015
      3.7216184
      3.7511920
      3.7818073
      3.8113512
      3.8414782
      3.8722934
      3.9038122
      3.9366814
      3.9661807
      3.9983983
      4.0310623
      4.0632642
      4.0962236
      4.1286795
      4.1617952
      4.1948002
      4.2282590
      4.2614340
      4.2954255
      4.3312314
      4.3648991
      4.3983337
      4.4319519
      4.4657235
      4.5005476
      4.5343950
      4.5696911
      4.6049837
      4.6399645
      4.6759281
      4.7113304
      4.7473987
      4.7844629
      4.8235002
      4.8588793
      4.8933906
      4.9293063
      4.9655572
      5.0017861
      5.0401273
      5.0774867
      5.1172290
      5.1545500
      5.1930035
      5.2323571
      5.2700408
      5.3095715
      5.3487643
      5.3897919
      5.4273800
      5.4682648
      5.5068626
      5.5471570
      5.5857303
      5.6227239
      5.6614633
      5.7034311
      5.7435893
      5.7869044
      5.8259146
      5.8689945
      5.9110686
      5.9515661
      5.9940880
      6.0367005
      6.0782084
      6.1210970
      6.1620921
      6.2044846
      6.2471074
      6.2893187
      6.3330630
      6.3753070
      6.4193399
      6.4647802
      6.5108450
      6.5561496
      6.6000158
      6.6461726
      6.6926274
      6.7396743
      6.7870693
      6.8319797
      6.8763679
      6.9228542
      6.9670649
      7.0140448
      7.0623171
      7.1098718
      7.1567657
      7.2034092
      7.2536334
      7.3020596
      7.3506017
      7.4011059
      7.4490293
      7.5010091
      7.5509853
      7.6032920
      7.6548412
      7.7037296
      7.7524167
      7.8058961
      7.8555736
      7.9080616
      7.9598402
      8.0142497
      8.0679012
      8.1198948
      8.1716559
      8.2233889
      8.2742729
      8.3260455
      8.3794066
      8.4342166
      8.4899034
      8.5450377
      8.6002379
      8.6551113
      8.7091093
      8.7639870
      8.8225846
      8.8765089
      8.9351262
      8.9903479
      9.0479422
      9.1070781
      9.1648611
      9.2243818
      9.2850319
      9.3436519
      9.4000227
      9.4616230
      9.5211791
      9.5840138
      9.6453718
      9.7063675
      9.7634469
      9.8242901
      9.8846965
      9.9454527
      10.007697
      10.066569
      10.133490
      10.195304
      10.254884
      10.318335
      10.378813
      10.439452
      10.501151
      10.560442
      10.624068
      10.685848
      10.750833
      10.822330
      10.885669
      10.952100
      11.018570
      11.084674
      11.150728
      11.221086
      11.290655
      11.358427
      11.426048
      11.495059
      11.567694
      11.638767
      11.715615
      11.784135
      11.855227
      11.927949
      11.996237
      12.069104
      12.139851
      12.209077
      12.283928
      12.359004
      12.433544
      12.506891
      12.577961
      12.652594
      12.730547
      12.802369
      12.882133
      12.958795
      13.042000
      13.116472
      13.195402
      13.273440
      13.350949
      13.431960
      13.515107
      13.595936
      13.681222
      13.758077
      13.834903
      13.917397
      14.000515
      14.080432
      14.164667
      14.249756
      14.331435
      14.412039
      14.493541
      14.580988
      14.665372
      14.751205
      14.839559
      14.924064
      15.007359
      15.094051
      15.178859
      15.265708
      15.352237
      15.436194
      15.523443
      15.615613
      15.709378
      15.804738
      15.901372
      15.995786
      16.087713
      16.185325
      16.279287
      16.374964
      16.465565
      16.557482
      16.648168
      16.735947
      16.829831
      16.929526
      17.024658
      17.122111
      17.215961
      17.311605
      17.415693
      17.515296
      17.616979
      17.724174
      17.826014
      17.927077
      18.024888
      18.126207
      18.233075
      18.336619
      18.441986
      18.544846
      18.645127
      18.747171
      18.851281
      18.961547
      19.068679
      19.182767
      19.287773
      19.396658
      19.508385
      19.623023
      19.739957
      19.851309
      19.968151
      20.077435
      20.189066
      20.303264
      20.415428
      20.532876
      20.654420
      20.772507
      20.888675
      21.009988
      21.125441
      21.243871
      21.365563
      21.485514
      21.605462
      21.728956
      21.848817
      21.971673
      22.090643
      22.211197
      22.333309
      22.463537
      22.591455
      22.714737
      22.845307
      22.978920
      23.110617
      23.242064
      23.372736
      23.503979
      23.648810
      23.782615
      23.912279
      24.046024
      24.183325
      24.322573
      24.466972
      24.608704
      24.742478
      24.881208
      25.022235
      25.162608
      25.299528
      25.440073
      25.592873
      25.734826
      25.874862
      26.021966
      26.173374
      26.321593
      26.471470
      26.623789
      26.762440
      26.914386
      27.072147
      27.232977
      27.386385
      27.542919
      27.696825
      27.852780
      28.011853
      28.169627
      28.330682
      28.496933
      28.652537
      28.812954
      28.976291
      29.150623
      29.311080
      29.482007
      29.645971
      29.816240
      29.976516
      30.152879
      30.325994
      30.495149
      30.665258
      30.837759
      31.001606
      31.166121
      31.340162
      31.521191
      31.702447
      31.885600
      32.070414
      32.252927
      32.431776
      32.615273
      32.796026
      32.983298
      33.185122
      33.371774
      33.561900
      33.751061
      33.936971
      34.123352
      34.307882
      34.503940
      34.695794
      34.897707
      35.101264
      35.294263
      35.502179
      35.706530
      35.903910
      36.102113
      36.307590
      36.517615
      36.716975
      36.920744
      37.130612
      37.354876
      37.570699
      37.786298
      38.009140
      38.222205
      38.432767
      38.649319
      38.876069
      39.099006
      39.313559
      39.532887
      39.765680
      39.980042
      40.213169
      40.437244
      40.657688
      40.885494
      41.117211
      41.337642
      41.574360
      41.802461
      42.041237
      42.281771
      42.521810
      42.772644
      43.022768
      43.281456
      43.546154
      43.789005
      44.040275
      44.285442
      44.540792
      44.795218
      45.054267
      45.310130
      45.565608
      45.836337
      46.106678
      46.365817
      46.623577
      46.886104
      47.148859
      47.426853
      47.694840
      47.962572
      48.238139
      48.529943
      48.808086
      49.076354
      49.359070
      49.624096
      49.900707
      50.186990
      50.487444
      50.788406
      51.088174
      51.381484
      51.685317
      51.992687
      52.297389
      52.609358
      52.922738
      53.222970
      53.547437
      53.865221
      54.180686
      54.512610
      54.834052
      55.154382
      55.480634
      55.794531
      56.119984
      56.447140
      56.772481
      57.114202
      57.458562
      57.801960
      58.154418
      58.488928
      58.812769
      59.153582
      59.497389
      59.839398
      60.196942
      60.551811
      60.929266
      61.288617
      61.647887
      62.005848
      62.362892
      62.725075
      63.130889
      63.522526
      63.892018
      64.269729
      64.656161
      65.065476
      65.453241
      65.848353
      66.248819
      66.642285
      67.040200
      67.448437
      67.862635
      68.279829
      68.677908
      69.098405
      69.508668
      69.941004
      70.369639
      70.792774
      71.214495
      71.664468
      72.113404
      72.522584
      72.953392
      73.400730
      73.871359
      74.354455
      74.806553
      75.242358
      75.702058
      76.148168
      76.630309
      77.102274
      77.608852
      78.096310
      78.594207
      79.089930
      79.597157
      80.104564
      80.618684
      81.119658
      81.625066
      82.156090
      82.681764
      83.215878
      83.727630
      84.273798
      84.806923
      85.304639
      85.827598
      86.351680
      86.906635
      87.447503
      88.002676
      88.574662
      89.136884
      89.704598
      90.277634
      90.846536
      91.459693
      92.049916
      92.631857
      93.208132
      93.850063
      94.452458
      95.084861
      95.714923
      96.321435
      96.937984
      97.569027
      98.210497
      98.831594
      99.508446
      100.14867
      100.79659
      101.45607
      102.08366
      102.74873
      103.39475
      104.07798
      104.75835
      105.44147
      106.14707
      106.86361
      107.57071
      108.28636
      108.99055
      109.70138
      110.40338
      111.15931
      111.90792
      112.64003
      113.41054
      114.16500
      114.89308
      115.67475
      116.46650
      117.24963
      118.05538
      118.84671
      119.66580
      120.46040
      121.28191
      122.10669
      122.95134
      123.75660
      124.60266
      125.47028
      126.35662
      127.22463
      128.08485
      128.94163
      129.86077
      130.75352
      131.64493
      132.59720
      133.55730
      134.53598
      135.48240
      136.40998
      137.34211
      138.32513
      139.32959
      140.31455
      141.26769
      142.24923
      143.28687
      144.34942
      145.36512
      146.39468
      147.36368
      148.41828
      149.50556
      150.60498
      151.69273
      152.76594
      153.77766
      154.93336
      156.05502
      157.18270
      158.30196
      159.45008
      160.61349
      161.82810
      163.02382
      164.25027
      165.43751
      166.63865
      167.86004
      169.08894
      170.36766
      171.66167
      172.98042
      174.21782
      175.54613
      176.88424
      178.21285
      179.55875
      180.88709
      182.27430
      183.63029
      184.99301
      186.36556
      187.80910
      189.28898
      190.80170
      192.32189
      193.76019
      195.18844
      196.69544
      198.17607
      199.74321
      201.28237
      202.85011
      204.45505
      206.06117
      207.70695
      209.33933
      210.98620
      212.67302
      214.31166
      216.10201
      217.83821
      219.55017
      221.34459
      223.15060
      224.97716
      226.86601
      228.71637
      230.56574
      232.46900
      234.40836
      236.39270
      238.27451
      240.21858
      242.16413
      244.23393
      246.26277
      248.24759
      250.32918
      252.45378
      254.54855
      256.50158
      258.76484
      260.88813
      263.12953
      265.37701
      267.59821
      269.98420
      272.35263
      274.84813
      277.13824
      279.44621
      281.95365
      284.42084
      286.85809
      289.32113
      291.83553
      294.44090
      297.05792
      299.72027
      302.38174
      305.08591
      307.65800
      310.45524
      313.29661
      316.15796
      318.94722
      321.81002
      324.63192
      327.58234
      330.49005
      333.44287
      336.58577
      339.68168
      342.74549
      345.79226
      348.92856
      352.17426
      355.54653
      359.06055
      362.34020
      366.03867
      369.56438
      373.17383
      376.71029
      380.68340
      384.48650
      388.13287
      392.00782
      395.88787
      399.81949
      403.91998
      407.85679
      411.79732
      415.94932
      420.26711
      424.79435
      429.20888
      433.70211
      438.13283
      442.51899
      446.88177
      451.45201
      456.37971
      461.35763
      466.35784
      471.49834
      476.64708
      481.72108
      487.31863
      492.73401
      498.40613
      503.92615
      509.49033
      515.35869
      520.92794
      526.86166
      532.78789
      538.97422
      545.06946
      551.49851
      557.80753
      564.44152
      571.22547
      578.46418
      586.00225
      593.21011
      601.19394
      608.64581
      616.80040
      624.72162
      633.28282
      641.59317
      650.39123
      659.54340
      669.07679
      679.12369
      689.02816
      699.33538
      710.45351
      722.19640
      734.30003
      746.54297
      759.41584
      773.13163
      787.27412
      801.92308
      816.90816
      833.38360
      851.54318
      870.89914
      891.70269
      914.22098
      939.63785
      965.34127
      994.32488
      1030.1244
      1071.5389
      1122.4248
      1187.8966
      1284.0675
      1468.1018
