     0.18606421
     0.23067847
     0.26003689
     0.28396072
     0.30427291
     0.32128942
     0.33731018
     0.35146669
     0.36442348
     0.37629836
     0.38885223
     0.40000890
     0.41065661
     0.42113170
     0.43167122
     0.44154290
     0.45074960
     0.46029985
     0.46965917
     0.47889588
     0.48788190
     0.49649497
     0.50504883
     0.51338771
     0.52161999
     0.52964001
     0.53733422
     0.54544165
     0.55306241
     0.56048957
     0.56784461
     0.57494827
     0.58218559
     0.58946625
     0.59659573
     0.60379120
     0.61074136
     0.61820459
     0.62502758
     0.63183319
     0.63847015
     0.64512197
     0.65186239
     0.65837230
     0.66508030
     0.67194616
     0.67836033
     0.68515051
     0.69167948
     0.69799555
     0.70449635
     0.71085246
     0.71721392
     0.72368307
     0.73013928
     0.73662885
     0.74309100
     0.74925117
     0.75590469
     0.76251182
     0.76871858
     0.77508082
     0.78117538
     0.78761622
     0.79398417
     0.80031260
     0.80655634
     0.81302832
     0.81916128
     0.82521789
     0.83179050
     0.83825608
     0.84492450
     0.85112449
     0.85741103
     0.86340419
     0.87000773
     0.87663629
     0.88277502
     0.88930915
     0.89558313
     0.90160981
     0.90800842
     0.91508516
     0.92170280
     0.92790834
     0.93420042
     0.94084085
     0.94734247
     0.95334608
     0.95987466
     0.96597094
     0.97248427
     0.97894107
     0.98537539
     0.99207126
     0.99866185
      1.0053545
      1.0120775
      1.0185765
      1.0255308
      1.0323327
      1.0387322
      1.0454502
      1.0525618
      1.0588479
      1.0654866
      1.0722567
      1.0792767
      1.0862359
      1.0931968
      1.1001299
      1.1067855
      1.1137655
      1.1209308
      1.1281779
      1.1356609
      1.1427810
      1.1502285
      1.1573431
      1.1645749
      1.1718457
      1.1791145
      1.1864964
      1.1942176
      1.2016114
      1.2091530
      1.2167944
      1.2244834
      1.2315931
      1.2395070
      1.2475171
      1.2552815
      1.2629141
      1.2712076
      1.2794028
      1.2875396
      1.2959971
      1.3038572
      1.3121993
      1.3202065
      1.3291727
      1.3378431
      1.3460915
      1.3542765
      1.3625797
      1.3713910
      1.3798601
      1.3891140
      1.3977362
      1.4064184
      1.4148554
      1.4242368
      1.4334708
      1.4432185
      1.4527491
      1.4613555
      1.4708987
      1.4800770
      1.4894633
      1.4994277
      1.5088377
      1.5185448
      1.5284055
      1.5382760
      1.5479604
      1.5587017
      1.5689973
      1.5798012
      1.5901153
      1.6007583
      1.6113981
      1.6226943
      1.6337204
      1.6452380
      1.6563229
      1.6677108
      1.6791729
      1.6902615
      1.7021654
      1.7137979
      1.7249974
      1.7375713
      1.7496531
      1.7619587
      1.7746866
      1.7872084
      1.8002212
      1.8132260
      1.8264050
      1.8398396
      1.8539003
      1.8670600
      1.8803420
      1.8945411
      1.9084706
      1.9232548
      1.9374105
      1.9517723
      1.9667575
      1.9809644
      1.9960366
      2.0113301
      2.0264719
      2.0413150
      2.0563764
      2.0732583
      2.0900157
      2.1058977
      2.1217880
      2.1382205
      2.1544958
      2.1706688
      2.1873423
      2.2051394
      2.2221604
      2.2404241
      2.2578537
      2.2769540
      2.2953016
      2.3144753
      2.3327698
      2.3513910
      2.3696384
      2.3898705
      2.4089898
      2.4281627
      2.4486636
      2.4691817
      2.4903371
      2.5119081
      2.5324372
      2.5539541
      2.5750838
      2.5973101
      2.6190360
      2.6415386
      2.6657234
      2.6904249
      2.7136064
      2.7356344
      2.7603124
      2.7843641
      2.8089084
      2.8345630
      2.8586491
      2.8828511
      2.9086871
      2.9340989
      2.9593122
      2.9859063
      3.0113459
      3.0394759
      3.0664869
      3.0934348
      3.1194748
      3.1475490
      3.1752984
      3.2041192
      3.2340919
      3.2633305
      3.2932787
      3.3233926
      3.3545544
      3.3857472
      3.4198880
      3.4514029
      3.4837794
      3.5149253
      3.5478671
      3.5816697
      3.6147549
      3.6483610
      3.6851049
      3.7198013
      3.7550251
      3.7898762
      3.8260725
      3.8654417
      3.9024397
      3.9396622
      3.9767758
      4.0150161
      4.0547834
      4.0954208
      4.1331060
      4.1730673
      4.2162952
      4.2571775
      4.2992877
      4.3415503
      4.3847142
      4.4282520
      4.4726695
      4.5182531
      4.5632657
      4.6110608
      4.6541548
      4.7018103
      4.7478175
      4.7949063
      4.8424098
      4.8924507
      4.9423517
      4.9907981
      5.0416293
      5.0936587
      5.1443499
      5.1970603
      5.2511455
      5.3023810
      5.3555295
      5.4089422
      5.4631495
      5.5184519
      5.5757650
      5.6326586
      5.6901711
      5.7494146
      5.8099295
      5.8753838
      5.9342475
      5.9957321
      6.0601936
      6.1212549
      6.1837463
      6.2446361
      6.3079497
      6.3736762
      6.4413609
      6.5099966
      6.5801207
      6.6505483
      6.7200936
      6.7902568
      6.8637429
      6.9335024
      7.0046831
      7.0790807
      7.1546750
      7.2291405
      7.3043287
      7.3771376
      7.4577123
      7.5367526
      7.6150264
      7.6971222
      7.7774130
      7.8594894
      7.9432391
      8.0276140
      8.1113820
      8.1999045
      8.2841880
      8.3610259
      8.4491145
      8.5351941
      8.6235671
      8.7065349
      8.7970083
      8.8857258
      8.9768647
      9.0698851
      9.1608982
      9.2546731
      9.3496289
      9.4405400
      9.5422141
      9.6428165
      9.7423753
      9.8488708
      9.9520649
      10.058380
      10.164395
      10.264708
      10.366433
      10.469290
      10.572005
      10.674620
      10.782686
      10.890332
      11.000753
      11.112170
      11.221099
      11.333779
      11.448977
      11.560486
      11.677965
      11.792774
      11.915397
      12.034238
      12.153799
      12.277618
      12.394649
      12.509144
      12.630352
      12.754439
      12.878381
      13.002249
      13.130968
      13.259298
      13.385339
      13.516004
      13.648070
      13.782833
      13.911314
      14.047989
      14.175524
      14.310845
      14.447504
      14.580530
      14.718629
      14.864189
      15.007133
      15.157563
      15.305424
      15.447706
      15.592758
      15.742427
      15.901310
      16.050032
      16.204663
      16.357345
      16.514991
      16.671507
      16.826859
      16.984413
      17.142610
      17.302304
      17.467062
      17.628001
      17.793599
      17.959484
      18.124645
      18.289059
      18.450533
      18.618767
      18.784172
      18.954674
      19.127875
      19.307347
      19.471889
      19.642242
      19.816623
      19.984828
      20.166643
      20.349509
      20.534276
      20.719299
      20.902620
      21.086413
      21.278863
      21.470754
      21.654388
      21.844560
      22.034591
      22.214440
      22.409877
      22.605700
      22.796226
      22.985652
      23.188906
      23.383062
      23.579804
      23.783770
      23.980400
      24.189933
      24.403146
      24.612565
      24.820112
      25.025798
      25.228514
      25.427459
      25.643567
      25.851963
      26.059859
      26.273977
      26.481014
      26.697683
      26.917988
      27.139633
      27.375482
      27.602805
      27.815508
      28.030214
      28.256008
      28.481258
      28.721704
      28.959312
      29.184217
      29.428547
      29.665560
      29.898473
      30.140145
      30.403558
      30.646605
      30.875371
      31.129430
      31.368953
      31.612977
      31.847281
      32.093466
      32.338797
      32.588254
      32.844226
      33.097332
      33.365563
      33.615180
      33.873622
      34.120103
      34.380884
      34.639832
      34.906115
      35.169693
      35.434813
      35.697234
      35.952214
      36.230443
      36.500025
      36.774912
      37.053756
      37.333288
      37.610676
      37.882451
      38.156493
      38.443572
      38.726439
      39.016093
      39.312595
      39.606082
      39.909669
      40.202133
      40.485548
      40.773109
      41.065857
      41.356610
      41.653219
      41.953867
      42.249834
      42.540389
      42.863095
      43.167640
      43.467394
      43.777195
      44.082900
      44.392000
      44.693932
      45.016472
      45.327941
      45.642681
      45.957523
      46.262521
      46.564990
      46.872321
      47.218592
      47.557346
      47.891738
      48.223891
      48.556815
      48.891901
      49.231131
      49.560724
      49.889639
      50.237801
      50.578166
      50.932500
      51.254291
      51.612460
      51.960947
      52.295849
      52.632844
      52.992377
      53.337370
      53.690531
      54.080177
      54.443811
      54.813180
      55.179724
      55.526527
      55.900435
      56.266566
      56.635936
      57.001560
      57.365741
      57.717789
      58.090192
      58.467905
      58.844094
      59.216284
      59.610763
      59.985054
      60.366519
      60.772073
      61.140684
      61.508447
      61.909367
      62.291976
      62.698499
      63.106780
      63.491638
      63.892606
      64.295590
      64.709311
      65.105595
      65.505156
      65.929578
      66.350590
      66.746822
      67.172251
      67.580833
      67.979929
      68.383371
      68.816046
      69.245984
      69.670564
      70.088402
      70.527007
      70.940064
      71.362671
      71.803863
      72.247103
      72.638697
      73.083541
      73.523077
      73.985921
      74.403533
      74.833073
      75.276067
      75.756232
      76.188305
      76.654940
      77.101775
      77.547507
      78.017462
      78.485099
      78.945230
      79.402995
      79.867040
      80.347234
      80.803319
      81.241160
      81.705543
      82.168071
      82.645811
      83.133695
      83.627194
      84.128972
      84.595558
      85.091032
      85.610884
      86.117618
      86.622541
      87.126421
      87.639022
      88.132712
      88.616554
      89.117621
      89.629572
      90.132300
      90.664677
      91.159509
      91.695674
      92.265475
      92.792708
      93.329465
      93.878133
      94.422602
      94.960137
      95.481920
      96.045179
      96.588722
      97.129192
      97.665971
      98.209116
      98.764033
      99.311538
      99.867452
      100.46111
      101.00634
      101.56784
      102.13162
      102.70211
      103.26016
      103.79608
      104.38544
      104.96278
      105.51518
      106.08267
      106.64852
      107.25229
      107.81919
      108.40160
      109.00366
      109.59710
      110.21240
      110.83841
      111.42847
      112.03016
      112.60790
      113.19149
      113.78040
      114.39831
      115.01217
      115.64021
      116.28248
      116.91066
      117.53697
      118.19454
      118.81588
      119.44996
      120.12198
      120.75285
      121.37359
      122.03982
      122.66033
      123.32066
      123.99415
      124.65841
      125.31502
      125.96319
      126.64520
      127.31862
      128.01149
      128.71878
      129.42850
      130.10177
      130.79753
      131.49060
      132.21252
      132.92389
      133.60648
      134.29438
      135.01935
      135.71440
      136.44439
      137.12334
      137.86928
      138.57553
      139.28973
      139.99550
      140.72433
      141.47193
      142.16965
      142.93069
      143.68898
      144.43075
      145.17617
      145.92681
      146.64058
      147.40173
      148.17477
      148.94426
      149.70666
      150.46001
      151.24530
      151.96893
      152.73046
      153.48323
      154.30949
      155.06846
      155.82547
      156.62521
      157.44831
      158.22111
      159.03814
      159.84612
      160.63761
      161.44931
      162.30071
      163.13090
      163.96543
      164.79960
      165.61056
      166.40783
      167.24126
      168.10239
      168.98256
      169.85871
      170.69775
      171.57340
      172.41179
      173.23544
      174.12721
      174.97974
      175.84306
      176.73987
      177.60464
      178.45651
      179.34547
      180.24057
      181.15146
      182.05124
      182.99876
      183.92476
      184.84425
      185.73950
      186.67629
      187.64060
      188.59550
      189.53952
      190.50617
      191.44954
      192.38019
      193.32230
      194.31445
      195.35073
      196.29460
      197.31661
      198.31560
      199.26522
      200.27441
      201.28298
      202.29176
      203.28038
      204.26559
      205.29499
      206.29179
      207.35729
      208.35031
      209.43035
      210.52202
      211.57957
      212.64154
      213.65894
      214.75129
      215.84300
      216.94727
      218.05873
      219.16693
      220.31053
      221.43922
      222.54070
      223.62428
      224.73531
      225.87317
      226.99493
      228.12475
      229.23462
      230.36859
      231.55305
      232.71803
      233.88807
      235.05890
      236.21609
      237.41087
      238.59614
      239.77747
      241.00617
      242.28091
      243.51354
      244.67184
      245.90901
      247.14925
      248.40855
      249.65305
      250.91524
      252.13255
      253.40247
      254.66305
      255.92852
      257.14812
      258.43815
      259.79225
      261.12979
      262.41091
      263.63129
      264.94852
      266.28785
      267.62493
      268.98630
      270.38315
      271.72151
      273.05374
      274.44350
      275.93224
      277.38879
      278.80357
      280.26396
      281.65630
      282.99611
      284.42605
      285.86803
      287.33108
      288.89081
      290.44274
      291.92807
      293.53842
      295.08408
      296.56167
      298.12014
      299.68343
      301.24091
      302.75464
      304.35416
      305.92539
      307.49022
      309.11340
      310.74683
      312.38320
      314.08417
      315.70290
      317.32905
      318.95663
      320.63511
      322.33983
      324.02940
      325.76652
      327.41640
      329.16809
      330.89192
      332.64023
      334.37869
      336.24368
      338.08401
      339.86769
      341.66504
      343.52991
      345.39000
      347.33347
      349.11783
      350.94042
      352.84110
      354.73723
      356.75470
      358.70952
      360.77376
      362.78899
      364.76564
      366.88681
      368.90549
      370.94549
      373.08791
      375.10397
      377.15143
      379.30657
      381.33883
      383.49101
      385.67192
      387.98417
      390.26589
      392.48752
      394.76845
      396.93514
      399.21374
      401.67496
      404.19084
      406.61333
      409.13639
      411.61716
      414.22469
      416.82174
      419.27533
      421.90350
      424.61179
      427.32415
      429.96512
      432.71874
      435.40163
      438.13350
      440.97502
      443.77002
      446.54413
      449.52854
      452.63780
      455.55677
      458.65880
      461.96770
      465.21864
      468.51327
      471.94414
      475.40683
      479.00299
      482.59193
      486.35338
      490.05621
      493.96931
      497.96707
      502.12306
      506.41280
      510.87154
      515.62138
      520.34105
      524.95863
      529.80116
      535.00770
      540.78854
      546.76632
      553.20956
      559.66256
      566.46830
      574.15182
      582.19302
      591.23708
      601.71832
      613.41674
      626.50192
      642.94267
      664.88914
      694.17097
      748.65247
