  0.00099237016
   0.0019293316
   0.0028784157
   0.0038645894
   0.0048748892
   0.0058680552
   0.0067876814
   0.0077212774
   0.0086159144
   0.0096214312
    0.010631364
    0.011599672
    0.012611589
    0.013657081
    0.014654566
    0.015632678
    0.016620127
    0.017616390
    0.018633865
    0.019632769
    0.020683621
    0.021682731
    0.022722253
    0.023742124
    0.024779413
    0.025813438
    0.026830955
    0.027866495
    0.028889916
    0.029918055
    0.031015865
    0.032053847
    0.033112901
    0.034143332
    0.035210019
    0.036322040
    0.037339488
    0.038417361
    0.039392188
    0.040435687
    0.041497492
    0.042544329
    0.043654491
    0.044704174
    0.045696143
    0.046739557
    0.047777989
    0.048839691
    0.049996827
    0.051119891
    0.052196046
    0.053283540
    0.054339669
    0.055409620
    0.056432747
    0.057535456
    0.058626980
    0.059749909
    0.060843727
    0.062037605
    0.063150469
    0.064269085
    0.065404489
    0.066529457
    0.067664090
    0.068812252
    0.069953708
    0.071097656
    0.072283284
    0.073431938
    0.074671807
    0.075846993
    0.076987780
    0.078238401
    0.079452452
    0.080620172
    0.081824522
    0.082893038
    0.084062209
    0.085350491
    0.086498745
    0.087729149
    0.088933061
    0.090168538
    0.091329899
    0.092537648
    0.093826511
    0.095063032
    0.096272023
    0.097543634
    0.098806777
    0.099990327
     0.10123395
     0.10250372
     0.10373691
     0.10501171
     0.10621644
     0.10750470
     0.10880097
     0.11005436
     0.11140842
     0.11272901
     0.11395190
     0.11521263
     0.11662849
     0.11797804
     0.11922999
     0.12052794
     0.12189001
     0.12318066
     0.12446995
     0.12578397
     0.12710955
     0.12838555
     0.12978446
     0.13111307
     0.13252189
     0.13393317
     0.13523350
     0.13655553
     0.13793891
     0.13931492
     0.14068898
     0.14202387
     0.14339240
     0.14481197
     0.14615721
     0.14760414
     0.14901597
     0.15044368
     0.15186043
     0.15327134
     0.15480469
     0.15624585
     0.15768315
     0.15911377
     0.16057885
     0.16203696
     0.16351118
     0.16493408
     0.16644889
     0.16789174
     0.16935836
     0.17089673
     0.17246673
     0.17402263
     0.17554545
     0.17707805
     0.17862919
     0.18010843
     0.18162474
     0.18314346
     0.18473482
     0.18629953
     0.18792177
     0.18963425
     0.19121408
     0.19283708
     0.19444126
     0.19603294
     0.19764365
     0.19927051
     0.20084889
     0.20249144
     0.20413065
     0.20584807
     0.20746715
     0.20917565
     0.21078960
     0.21254552
     0.21415853
     0.21588287
     0.21752554
     0.21916026
     0.22081009
     0.22256661
     0.22421293
     0.22589688
     0.22761294
     0.22926824
     0.23098405
     0.23281130
     0.23460265
     0.23644494
     0.23828309
     0.24011967
     0.24198867
     0.24382753
     0.24562776
     0.24745089
     0.24939628
     0.25127520
     0.25318968
     0.25510868
     0.25686507
     0.25871843
     0.26071725
     0.26258814
     0.26441030
     0.26634638
     0.26832079
     0.27034978
     0.27226997
     0.27431936
     0.27626283
     0.27826969
     0.28028408
     0.28223979
     0.28434483
     0.28648477
     0.28840452
     0.29042456
     0.29254856
     0.29450411
     0.29664091
     0.29880861
     0.30105226
     0.30304454
     0.30516203
     0.30725538
     0.30939399
     0.31151834
     0.31378241
     0.31611159
     0.31817707
     0.32052424
     0.32287160
     0.32509601
     0.32742319
     0.32971622
     0.33207820
     0.33437436
     0.33672672
     0.33899576
     0.34138026
     0.34375799
     0.34622286
     0.34849214
     0.35095043
     0.35327552
     0.35568627
     0.35806283
     0.36051318
     0.36296154
     0.36540515
     0.36802009
     0.37062944
     0.37311610
     0.37561993
     0.37814841
     0.38087646
     0.38345129
     0.38610722
     0.38882941
     0.39144809
     0.39413961
     0.39698711
     0.39974762
     0.40257628
     0.40524303
     0.40807276
     0.41080370
     0.41359896
     0.41663342
     0.41943450
     0.42226106
     0.42517946
     0.42824861
     0.43123335
     0.43428833
     0.43729375
     0.44034602
     0.44330132
     0.44639118
     0.44932219
     0.45230772
     0.45554752
     0.45867372
     0.46173653
     0.46485147
     0.46825510
     0.47152429
     0.47492526
     0.47826920
     0.48170534
     0.48516876
     0.48854901
     0.49182563
     0.49534151
     0.49898314
     0.50253179
     0.50618047
     0.50967961
     0.51328298
     0.51699612
     0.52063155
     0.52444914
     0.52823200
     0.53210931
     0.53577474
     0.53977058
     0.54388255
     0.54778524
     0.55172785
     0.55595747
     0.56030020
     0.56440637
     0.56851584
     0.57277370
     0.57706811
     0.58150353
     0.58577838
     0.58977453
     0.59433382
     0.59891029
     0.60356926
     0.60812383
     0.61281666
     0.61756944
     0.62244298
     0.62751218
     0.63240385
     0.63715444
     0.64216695
     0.64712712
     0.65212960
     0.65713152
     0.66228478
     0.66772795
     0.67334257
     0.67852631
     0.68400659
     0.68964427
     0.69558276
     0.70141722
     0.70711100
     0.71364426
     0.71950128
     0.72608927
     0.73249660
     0.73871636
     0.74510602
     0.75150305
     0.75815809
     0.76533632
     0.77213143
     0.77934427
     0.78652353
     0.79417193
     0.80195235
     0.80972437
     0.81773337
     0.82599546
     0.83365902
     0.84248917
     0.85083836
     0.85961453
     0.86838795
     0.87729999
     0.88599335
     0.89518953
     0.90510049
     0.91539819
     0.92483744
     0.93606671
     0.94666122
     0.95770116
     0.96887358
     0.97996293
     0.99207771
      1.0040532
      1.0166517
      1.0292350
      1.0418834
      1.0539659
      1.0677774
      1.0822957
      1.0964060
      1.1107049
      1.1256682
      1.1403552
      1.1563144
      1.1714992
      1.1890382
      1.2067908
      1.2237319
      1.2411058
      1.2593639
      1.2783646
      1.2964031
      1.3153653
      1.3353295
      1.3542031
      1.3746315
      1.3957595
      1.4164666
      1.4381772
      1.4600250
      1.4838544
      1.5085392
      1.5317006
      1.5579510
      1.5838664
      1.6104714
      1.6371479
      1.6638577
      1.6912379
      1.7191889
      1.7489328
      1.7791154
      1.8101240
      1.8416531
      1.8754741
      1.9073520
      1.9411602
      1.9758256
      2.0117318
      2.0473397
      2.0829922
      2.1217633
      2.1599669
      2.2006901
      2.2394727
      2.2795679
      2.3255077
      2.3708741
      2.4152732
      2.4620454
      2.5093695
      2.5546495
      2.6029296
      2.6534906
      2.7036819
      2.7552427
      2.8085342
      2.8621453
      2.9165827
      2.9739971
      3.0337396
      3.0904567
      3.1499983
      3.2105539
      3.2760311
      3.3417952
      3.4087194
      3.4744916
      3.5452064
      3.6157470
      3.6888538
      3.7615466
      3.8399125
      3.9209238
      3.9994999
      4.0797899
      4.1579317
      4.2406490
      4.3244716
      4.4117615
      4.4962533
      4.5816616
      4.6713772
      4.7664595
      4.8586830
      4.9543178
      5.0506275
      5.1467825
      5.2457461
      5.3468292
      5.4539154
      5.5646779
      5.6685207
      5.7744875
      5.8800045
      5.9918608
      6.1100855
      6.2248399
      6.3412759
      6.4646776
      6.5867880
      6.7113931
      6.8301284
      6.9598974
      7.0904922
      7.2200381
      7.3508896
      7.4871268
      7.6272580
      7.7644576
      7.9086126
      8.0480449
      8.2012727
      8.3562746
      8.5082287
      8.6626926
      8.8100832
      8.9621571
      9.1156656
      9.2852481
      9.4562828
      9.6294375
      9.7945639
      9.9769611
      10.157707
      10.327675
      10.498167
      10.683438
      10.867313
      11.060700
      11.252042
      11.433603
      11.622405
      11.817652
      12.019412
      12.228593
      12.430127
      12.633412
      12.846059
      13.059497
      13.267415
      13.480170
      13.697947
      13.918899
      14.143984
      14.382484
      14.599656
      14.837019
      15.068291
      15.304248
      15.538564
      15.784018
      16.021229
      16.274686
      16.532059
      16.788291
      17.043961
      17.307508
      17.570682
      17.836052
      18.108446
      18.375820
      18.633476
      18.907676
      19.182072
      19.458525
      19.733384
      20.021476
      20.297466
      20.586718
      20.899969
      21.201783
      21.505199
      21.809590
      22.122293
      22.428061
      22.750354
      23.057651
      23.357931
      23.683451
      24.001390
      24.323338
      24.640610
      24.967370
      25.275802
      25.595639
      25.944618
      26.293514
      26.651274
      26.988048
      27.354097
      27.695832
      28.040880
      28.397990
      28.755324
      29.119531
      29.476775
      29.840014
      30.218694
      30.564855
      30.943482
      31.318695
      31.715513
      32.135565
      32.516073
      32.881762
      33.272431
      33.661181
      34.082381
      34.472729
      34.871262
      35.303226
      35.706970
      36.137022
      36.547759
      36.971892
      37.388925
      37.801307
      38.233421
      38.665259
      39.127372
      39.572899
      40.009135
      40.457159
      40.889106
      41.343384
      41.782384
      42.221639
      42.683614
      43.143469
      43.589516
      44.049504
      44.542391
      44.998102
      45.482257
      45.971694
      46.475301
      46.932132
      47.415621
      47.904987
      48.392737
      48.889934
      49.365681
      49.859838
      50.374726
      50.917992
      51.427994
      51.942685
      52.465346
      52.974217
      53.512535
      54.053425
      54.585558
      55.115621
      55.681626
      56.243948
      56.774445
      57.325505
      57.871347
      58.425350
      58.963877
      59.530397
      60.091573
      60.664237
      61.247477
      61.845454
      62.406624
      62.990566
      63.605346
      64.197311
      64.783486
      65.398286
      65.990511
      66.595118
      67.207949
      67.832708
      68.463911
      69.059760
      69.696465
      70.301769
      70.959846
      71.600498
      72.252826
      72.884740
      73.521834
      74.179090
      74.826545
      75.466341
      76.147589
      76.809981
      77.468395
      78.136863
      78.807876
      79.505332
      80.167598
      80.829805
      81.527508
      82.233734
      82.907428
      83.595756
      84.304645
      84.985193
      85.720120
      86.411418
      87.112402
      87.844891
      88.578224
      89.324561
      90.063926
      90.811754
      91.553928
      92.353489
      93.106111
      93.861653
      94.576240
      95.332950
      96.092217
      96.848830
      97.590628
      98.369095
      99.176395
      99.925640
      100.71294
      101.47880
      102.23118
      103.00283
      103.80961
      104.61445
      105.42191
      106.21401
      107.04905
      107.83121
      108.65050
      109.42521
      110.24174
      111.05080
      111.93717
      112.72304
      113.52637
      114.35187
      115.17837
      116.03201
      116.87707
      117.75103
      118.57949
      119.42790
      120.28856
      121.12408
      121.97414
      122.84602
      123.75685
      124.62721
      125.49008
      126.37393
      127.27227
      128.15670
      129.03886
      129.93118
      130.87347
      131.79890
      132.72508
      133.62712
      134.60121
      135.51647
      136.43940
      137.38853
      138.32870
      139.23233
      140.16953
      141.13537
      142.02351
      143.01390
      143.92686
      144.91566
      145.89727
      146.90048
      147.91031
      148.83719
      149.85311
      150.85584
      151.84985
      152.84417
      153.80670
      154.84030
      155.90333
      156.90379
      157.92199
      158.86969
      159.87566
      160.90664
      162.00339
      163.02623
      164.07992
      165.15625
      166.21185
      167.26709
      168.39751
      169.44962
      170.51293
      171.60152
      172.67236
      173.79607
      174.93901
      176.01011
      177.12596
      178.23895
      179.36303
      180.48274
      181.63152
      182.82872
      183.96291
      185.17860
      186.25693
      187.41232
      188.59124
      189.77523
      190.90917
      192.07284
      193.23944
      194.40153
      195.60914
      196.74407
      197.92148
      199.14559
      200.35825
      201.55397
      202.73743
      203.97337
      205.15852
      206.33000
      207.55524
      208.81558
      210.05312
      211.29410
      212.56796
      213.75566
      215.02369
      216.25913
      217.55749
      218.81418
      220.06135
      221.34367
      222.66088
      223.89363
      225.20296
      226.53331
      227.85447
      229.17734
      230.46910
      231.78449
      233.12496
      234.45371
      235.69714
      236.97953
      238.30206
      239.67827
      241.08100
      242.43333
      243.85657
      245.27099
      246.67920
      248.04276
      249.39443
      250.79167
      252.23566
      253.60141
      255.10641
      256.52688
      257.92348
      259.31209
      260.76459
      262.25977
      263.74611
      265.25342
      266.73842
      268.20346
      269.66022
      271.11430
      272.62374
      274.08014
      275.64499
      277.11696
      278.55143
      280.13091
      281.66898
      283.21007
      284.75920
      286.30515
      287.83788
      289.41680
      290.96907
      292.64153
      294.23065
      295.81319
      297.37625
      298.94131
      300.53323
      302.19091
      303.81870
      305.38160
      307.08864
      308.73869
      310.38537
      311.97260
      313.69805
      315.40468
      317.10073
      318.77767
      320.54060
      322.24961
      323.88359
      325.60037
      327.33843
      329.17752
      331.01017
      332.77293
      334.47587
      336.27524
      338.10886
      339.86992
      341.70229
      343.51127
      345.36440
      347.17084
      349.02808
      350.84113
      352.75379
      354.60970
      356.53973
      358.52165
      360.38159
      362.41490
      364.25909
      366.28675
      368.34542
      370.37390
      372.47662
      374.43467
      376.51126
      378.56060
      380.71734
      382.80212
      384.98238
      387.17069
      389.31416
      391.49589
      393.76889
      396.04215
      398.30584
      400.57120
      402.94329
      405.29394
      407.87718
      410.31312
      412.77664
      415.35139
      417.89202
      420.42489
      422.99956
      425.50240
      428.15655
      430.68122
      433.34889
      436.05051
      438.86867
      441.63792
      444.42053
      447.36509
      450.15319
      453.07743
      456.16138
      459.16066
      462.30628
      465.58371
      468.63809
      471.74692
      475.17485
      478.39397
      481.80310
      485.24036
      488.69452
      492.10980
      495.50811
      499.21567
      502.90093
      506.69391
      510.39326
      514.19685
      518.15479
      522.36732
      526.60853
      531.12971
      535.19760
      539.65934
      544.32809
      549.05253
      554.28835
      559.33984
      564.72199
      570.25267
      576.03620
      582.18385
      588.32959
      594.85249
      601.84240
      608.58413
      616.27058
      624.58937
      632.80678
      641.55574
      651.50911
      661.98696
      674.51167
      687.64631
      702.55067
      718.98373
      737.44322
      761.46892
      792.08666
      831.79338
      889.80951
      995.22061
