     0.30233869
     0.37428931
     0.42597519
     0.46887876
     0.50414311
     0.53484459
     0.56333863
     0.59017971
     0.61415518
     0.63729644
     0.65867950
     0.67953572
     0.69989957
     0.72041292
     0.73900945
     0.75749113
     0.77448921
     0.79195306
     0.80855286
     0.82557149
     0.84174460
     0.85769438
     0.87333626
     0.88889727
     0.90369555
     0.91854027
     0.93326183
     0.94786403
     0.96262508
     0.97722471
     0.99165523
      1.0057884
      1.0205477
      1.0351543
      1.0495119
      1.0629062
      1.0769698
      1.0914586
      1.1052386
      1.1201602
      1.1343087
      1.1475848
      1.1607621
      1.1741949
      1.1875760
      1.2008699
      1.2144379
      1.2269606
      1.2405125
      1.2536741
      1.2664753
      1.2806207
      1.2944354
      1.3080411
      1.3213784
      1.3350985
      1.3480831
      1.3616363
      1.3752662
      1.3890850
      1.4024990
      1.4159546
      1.4291353
      1.4427105
      1.4555022
      1.4692247
      1.4819581
      1.4954917
      1.5095701
      1.5227297
      1.5366418
      1.5509065
      1.5647558
      1.5786869
      1.5932902
      1.6070076
      1.6209149
      1.6356820
      1.6504202
      1.6643595
      1.6786694
      1.6938521
      1.7085765
      1.7236171
      1.7383422
      1.7522809
      1.7669486
      1.7817387
      1.7957533
      1.8108176
      1.8249631
      1.8405242
      1.8555271
      1.8703687
      1.8861874
      1.9016748
      1.9169854
      1.9331876
      1.9490990
      1.9650414
      1.9804184
      1.9965770
      2.0125034
      2.0284690
      2.0447780
      2.0614805
      2.0773585
      2.0930692
      2.1098619
      2.1261372
      2.1427224
      2.1600847
      2.1759169
      2.1930298
      2.2094166
      2.2254615
      2.2430357
      2.2607759
      2.2788931
      2.2959702
      2.3140306
      2.3320404
      2.3505552
      2.3686661
      2.3866188
      2.4054317
      2.4231413
      2.4405530
      2.4588478
      2.4773264
      2.4957741
      2.5139613
      2.5331898
      2.5518131
      2.5711763
      2.5910454
      2.6112838
      2.6313500
      2.6514177
      2.6721456
      2.6924557
      2.7122375
      2.7337191
      2.7551484
      2.7749123
      2.7971405
      2.8176705
      2.8377535
      2.8585622
      2.8802305
      2.9022134
      2.9250778
      2.9468300
      2.9683721
      2.9893431
      3.0118741
      3.0338012
      3.0579359
      3.0808937
      3.1031914
      3.1258666
      3.1481930
      3.1711800
      3.1952752
      3.2188859
      3.2417783
      3.2645969
      3.2881155
      3.3117227
      3.3372523
      3.3621056
      3.3863776
      3.4096344
      3.4344956
      3.4589997
      3.4835553
      3.5082697
      3.5330369
      3.5573166
      3.5836562
      3.6086164
      3.6333078
      3.6589202
      3.6845249
      3.7103056
      3.7376539
      3.7634789
      3.7897265
      3.8172273
      3.8439349
      3.8701292
      3.8978232
      3.9237795
      3.9527179
      3.9806359
      4.0106867
      4.0392064
      4.0671088
      4.0948437
      4.1217885
      4.1522213
      4.1819199
      4.2127167
      4.2421888
      4.2737578
      4.3044980
      4.3334200
      4.3645626
      4.3941527
      4.4253475
      4.4562458
      4.4883175
      4.5199778
      4.5522884
      4.5840118
      4.6159009
      4.6472321
      4.6788508
      4.7115982
      4.7467283
      4.7816369
      4.8138694
      4.8470453
      4.8809467
      4.9151875
      4.9487003
      4.9827004
      5.0163990
      5.0525695
      5.0903409
      5.1265476
      5.1611937
      5.1962771
      5.2342816
      5.2709080
      5.3078962
      5.3452479
      5.3824959
      5.4211368
      5.4576643
      5.4951621
      5.5326447
      5.5706965
      5.6089564
      5.6486970
      5.6875906
      5.7279696
      5.7672995
      5.8095269
      5.8505783
      5.8913854
      5.9333576
      5.9728313
      6.0131578
      6.0547522
      6.0988601
      6.1410184
      6.1840401
      6.2250750
      6.2677954
      6.3116420
      6.3568939
      6.4022406
      6.4461912
      6.4928116
      6.5359875
      6.5841781
      6.6295079
      6.6743177
      6.7188531
      6.7688384
      6.8165408
      6.8625737
      6.9100353
      6.9579956
      7.0087683
      7.0577684
      7.1039301
      7.1555257
      7.2034799
      7.2538738
      7.3063205
      7.3565755
      7.4069602
      7.4575204
      7.5102456
      7.5631034
      7.6155964
      7.6671871
      7.7216967
      7.7760796
      7.8279920
      7.8816139
      7.9346113
      7.9894200
      8.0413119
      8.0943457
      8.1519428
      8.2086231
      8.2625116
      8.3189069
      8.3777080
      8.4378941
      8.4935768
      8.5538705
      8.6092205
      8.6698569
      8.7297519
      8.7932831
      8.8538530
      8.9142417
      8.9744929
      9.0331293
      9.0920352
      9.1509498
      9.2127570
      9.2744325
      9.3373591
      9.3991233
      9.4659356
      9.5272622
      9.5909289
      9.6582831
      9.7252135
      9.7964115
      9.8618621
      9.9324130
      10.003389
      10.070085
      10.138546
      10.207520
      10.276577
      10.346457
      10.417943
      10.491317
      10.564651
      10.634726
      10.709855
      10.782850
      10.852401
      10.925954
      10.997699
      11.075639
      11.152710
      11.229293
      11.305517
      11.381295
      11.458797
      11.537599
      11.618185
      11.697829
      11.777082
      11.852384
      11.934941
      12.012275
      12.090117
      12.171190
      12.252339
      12.332806
      12.419007
      12.500001
      12.585650
      12.673874
      12.757151
      12.846578
      12.931396
      13.018475
      13.112504
      13.201604
      13.294827
      13.385463
      13.474652
      13.566682
      13.659297
      13.754262
      13.848140
      13.936108
      14.027572
      14.121784
      14.218808
      14.316205
      14.414417
      14.509094
      14.608415
      14.704991
      14.806736
      14.897596
      15.002664
      15.109015
      15.213663
      15.321637
      15.422267
      15.523386
      15.624602
      15.729305
      15.836983
      15.944238
      16.052267
      16.161244
      16.272435
      16.380946
      16.482458
      16.593754
      16.703636
      16.820813
      16.927645
      17.037064
      17.152972
      17.270821
      17.379961
      17.494176
      17.615510
      17.735409
      17.866312
      17.980651
      18.095757
      18.214750
      18.333246
      18.453244
      18.579702
      18.701194
      18.822461
      18.951037
      19.076163
      19.196238
      19.318894
      19.448407
      19.576298
      19.713385
      19.844729
      19.978885
      20.106573
      20.237490
      20.371305
      20.502006
      20.642621
      20.775447
      20.904089
      21.039439
      21.185352
      21.319352
      21.467216
      21.613178
      21.762608
      21.906421
      22.051293
      22.192686
      22.341649
      22.485191
      22.637666
      22.796254
      22.950097
      23.100107
      23.260716
      23.409107
      23.570866
      23.725652
      23.881630
      24.044279
      24.207533
      24.360490
      24.521667
      24.678282
      24.840703
      25.002332
      25.159640
      25.315030
      25.481341
      25.645536
      25.817163
      25.982258
      26.151591
      26.325739
      26.492688
      26.659529
      26.828506
      27.005015
      27.179510
      27.350817
      27.521649
      27.691999
      27.864225
      28.050620
      28.245659
      28.434146
      28.616131
      28.799489
      28.989224
      29.180423
      29.367207
      29.556618
      29.744170
      29.935010
      30.124641
      30.323543
      30.509015
      30.697440
      30.899147
      31.096513
      31.286874
      31.480020
      31.689465
      31.892939
      32.104092
      32.297637
      32.497987
      32.706141
      32.919242
      33.132627
      33.342474
      33.566261
      33.776987
      33.989026
      34.194097
      34.410462
      34.629963
      34.862486
      35.070412
      35.296243
      35.511363
      35.742531
      35.966313
      36.188030
      36.421992
      36.641895
      36.866587
      37.096361
      37.320073
      37.560169
      37.799995
      38.027992
      38.277937
      38.512608
      38.758409
      39.001008
      39.240288
      39.484323
      39.723147
      39.986788
      40.235963
      40.485939
      40.740118
      40.994043
      41.243390
      41.502188
      41.769072
      42.026856
      42.309062
      42.565231
      42.832201
      43.100532
      43.367247
      43.629564
      43.900694
      44.179611
      44.449774
      44.724874
      45.002203
      45.263608
      45.519697
      45.800133
      46.086682
      46.369629
      46.657914
      46.944153
      47.242764
      47.536046
      47.824590
      48.127384
      48.429116
      48.706446
      49.000147
      49.316427
      49.609412
      49.920536
      50.219035
      50.531073
      50.855107
      51.169405
      51.472405
      51.790737
      52.100368
      52.418772
      52.745726
      53.076387
      53.388538
      53.680395
      53.994379
      54.335523
      54.672440
      54.998064
      55.341854
      55.676879
      55.986048
      56.325501
      56.658649
      57.007570
      57.367095
      57.713854
      58.044475
      58.375083
      58.727707
      59.064871
      59.412872
      59.755911
      60.114763
      60.458937
      60.792751
      61.151958
      61.498664
      61.851562
      62.227628
      62.604126
      62.973298
      63.341488
      63.733539
      64.146357
      64.523535
      64.891687
      65.279400
      65.661132
      66.045125
      66.448119
      66.851578
      67.252236
      67.655515
      68.063950
      68.474626
      68.888453
      69.293677
      69.717205
      70.136957
      70.553086
      70.948833
      71.359581
      71.762019
      72.191677
      72.618287
      73.037376
      73.485114
      73.909062
      74.351019
      74.781273
      75.215735
      75.645012
      76.073128
      76.503274
      76.934461
      77.379536
      77.821449
      78.297604
      78.770395
      79.215557
      79.696417
      80.132257
      80.626627
      81.083899
      81.559045
      82.062339
      82.528328
      83.001491
      83.461855
      83.920269
      84.421257
      84.931222
      85.447156
      85.956793
      86.428386
      86.888881
      87.384583
      87.886228
      88.377583
      88.891140
      89.402550
      89.904850
      90.422410
      90.923720
      91.447148
      91.958730
      92.443371
      92.967712
      93.489273
      94.026811
      94.538145
      95.077923
      95.622836
      96.137014
      96.684136
      97.248133
      97.788400
      98.316178
      98.908112
      99.450353
      100.00026
      100.56170
      101.12511
      101.66339
      102.27794
      102.84848
      103.42597
      103.99917
      104.55850
      105.14011
      105.71125
      106.35079
      106.91130
      107.52046
      108.11554
      108.74435
      109.37902
      110.02102
      110.61765
      111.25217
      111.85816
      112.46062
      113.08270
      113.69563
      114.34706
      115.02100
      115.66920
      116.31490
      117.02254
      117.65121
      118.28362
      118.94792
      119.59644
      120.29078
      120.95134
      121.61532
      122.28432
      122.96078
      123.64971
      124.32331
      124.97710
      125.70201
      126.38645
      127.06556
      127.77426
      128.49403
      129.18071
      129.93673
      130.65729
      131.36642
      132.14491
      132.89204
      133.64840
      134.39203
      135.12753
      135.90400
      136.68305
      137.45258
      138.17271
      138.93561
      139.69300
      140.43966
      141.22904
      141.97335
      142.74787
      143.51460
      144.34903
      145.12929
      145.92201
      146.72583
      147.51971
      148.30205
      149.11669
      149.95613
      150.76897
      151.62195
      152.44578
      153.31418
      154.13724
      154.94531
      155.86344
      156.62902
      157.49971
      158.37295
      159.23777
      160.10477
      161.00805
      161.89876
      162.78449
      163.64970
      164.59362
      165.50195
      166.36876
      167.25454
      168.20080
      169.04740
      170.02899
      170.94349
      171.93480
      172.87387
      173.81307
      174.72792
      175.71007
      176.69668
      177.67198
      178.62833
      179.59225
      180.58378
      181.56838
      182.51663
      183.49284
      184.50835
      185.48437
      186.49261
      187.50763
      188.53113
      189.57933
      190.60526
      191.66330
      192.69343
      193.72547
      194.75332
      195.81451
      196.86484
      197.98006
      199.08445
      200.21729
      201.28392
      202.40112
      203.50000
      204.61411
      205.74921
      206.87541
      208.03491
      209.15783
      210.34272
      211.50947
      212.69433
      213.80789
      214.91882
      216.06167
      217.27038
      218.49542
      219.67454
      220.88859
      222.14167
      223.40072
      224.56510
      225.80738
      227.09594
      228.32759
      229.55622
      230.72649
      231.94045
      233.21113
      234.46762
      235.77431
      237.04191
      238.31260
      239.65117
      241.02170
      242.31910
      243.63483
      244.98689
      246.35620
      247.70634
      249.10878
      250.48521
      251.93086
      253.48734
      254.96520
      256.39035
      257.83163
      259.29998
      260.79372
      262.32368
      263.77750
      265.28450
      266.82647
      268.27481
      269.81475
      271.46368
      272.95116
      274.50036
      276.07345
      277.65163
      279.19361
      280.71051
      282.30865
      283.85184
      285.51707
      287.22468
      288.80164
      290.39624
      292.00403
      293.79153
      295.38172
      297.05178
      298.82321
      300.63288
      302.34230
      304.07861
      305.86100
      307.64667
      309.51705
      311.30978
      313.14634
      314.93323
      316.80091
      318.74129
      320.68045
      322.62510
      324.51512
      326.41257
      328.39396
      330.29425
      332.42336
      334.47437
      336.38757
      338.23893
      340.36507
      342.35631
      344.47577
      346.49290
      348.74041
      350.86202
      353.06705
      355.30593
      357.40745
      359.72736
      361.90560
      364.12454
      366.39536
      368.74194
      371.21386
      373.51458
      375.87555
      378.27146
      380.78188
      383.10823
      385.51780
      387.96915
      390.40172
      392.90070
      395.34639
      397.88298
      400.47279
      403.06503
      405.70619
      408.41706
      411.05426
      413.61720
      416.46283
      419.08073
      421.89338
      424.86956
      427.65064
      430.67737
      433.61287
      436.44008
      439.36734
      442.57316
      445.89615
      449.02991
      452.12113
      455.42669
      458.90316
      462.25308
      465.70657
      469.26392
      472.81004
      476.29689
      479.96880
      483.67826
      487.66137
      491.56893
      495.49969
      499.57555
      503.62078
      507.94148
      512.08874
      516.63381
      521.30029
      525.82843
      530.61761
      535.63644
      540.72451
      546.11602
      551.73259
      557.04892
      563.17268
      569.63760
      575.68888
      582.35375
      589.69138
      597.18510
      606.01066
      614.47942
      624.53944
      635.04375
      646.73608
      659.81249
      675.68388
      694.10051
      718.86688
      749.87488
      812.94374
