    0.024368326
    0.049194909
    0.073595927
    0.098262171
     0.12279155
     0.14818147
     0.17361148
     0.19928608
     0.22518394
     0.25072654
     0.27586065
     0.30260114
     0.32906570
     0.35630805
     0.38454204
     0.41323928
     0.43951905
     0.46599436
     0.49280450
     0.52082890
     0.54831175
     0.57788641
     0.60498241
     0.63224834
     0.65894522
     0.68858020
     0.71783881
     0.74716839
     0.77656445
     0.80705105
     0.83674649
     0.86663060
     0.89735340
     0.92883315
     0.96029940
     0.99011833
      1.0217716
      1.0518744
      1.0823296
      1.1140574
      1.1460823
      1.1781642
      1.2101620
      1.2421330
      1.2747753
      1.3099807
      1.3430039
      1.3775969
      1.4095032
      1.4425120
      1.4747252
      1.5080029
      1.5435773
      1.5771495
      1.6124644
      1.6456707
      1.6802809
      1.7159829
      1.7504623
      1.7878713
      1.8236028
      1.8608794
      1.8968192
      1.9336457
      1.9719898
      2.0087593
      2.0459402
      2.0839618
      2.1225705
      2.1606247
      2.1985768
      2.2379378
      2.2746725
      2.3139846
      2.3522529
      2.3910233
      2.4290592
      2.4716707
      2.5127169
      2.5538846
      2.5938150
      2.6348774
      2.6746589
      2.7160336
      2.7586851
      2.7992131
      2.8415196
      2.8839914
      2.9251374
      2.9667198
      3.0093467
      3.0521556
      3.0979658
      3.1394509
      3.1828271
      3.2285769
      3.2708341
      3.3124928
      3.3574458
      3.4035608
      3.4483735
      3.4959420
      3.5442530
      3.5905955
      3.6358812
      3.6822864
      3.7269409
      3.7708542
      3.8187466
      3.8677820
      3.9166039
      3.9650350
      4.0144187
      4.0624640
      4.1118454
      4.1570692
      4.2049735
      4.2546387
      4.3023385
      4.3519359
      4.4028089
      4.4534314
      4.5009990
      4.5549506
      4.6050429
      4.6562805
      4.7071433
      4.7611037
      4.8143750
      4.8657897
      4.9131585
      4.9649881
      5.0131177
      5.0678735
      5.1220618
      5.1758013
      5.2273013
      5.2853364
      5.3392402
      5.3899492
      5.4452821
      5.4977319
      5.5508371
      5.6065520
      5.6627101
      5.7170629
      5.7679045
      5.8247387
      5.8805515
      5.9345071
      5.9914018
      6.0478090
      6.1017417
      6.1588859
      6.2148673
      6.2724413
      6.3298635
      6.3876842
      6.4489237
      6.5061282
      6.5635362
      6.6216535
      6.6797805
      6.7400515
      6.8004434
      6.8596460
      6.9196374
      6.9800870
      7.0398796
      7.0984698
      7.1605396
      7.2235030
      7.2825988
      7.3448554
      7.4117471
      7.4747824
      7.5389943
      7.5971407
      7.6595448
      7.7223308
      7.7876290
      7.8488994
      7.9122983
      7.9769559
      8.0436948
      8.1067408
      8.1742515
      8.2389596
      8.3052956
      8.3724456
      8.4394284
      8.5040289
      8.5735223
      8.6415385
      8.7102850
      8.7748320
      8.8449902
      8.9103869
      8.9786702
      9.0456081
      9.1142511
      9.1849231
      9.2540445
      9.3238309
      9.3954039
      9.4711173
      9.5385915
      9.6079012
      9.6797171
      9.7518024
      9.8272995
      9.8944367
      9.9653103
      10.036533
      10.108921
      10.185965
      10.258495
      10.331831
      10.407976
      10.480432
      10.558159
      10.630717
      10.705044
      10.778396
      10.855869
      10.932947
      11.012285
      11.084089
      11.162885
      11.241674
      11.323057
      11.405311
      11.485478
      11.566722
      11.643421
      11.720698
      11.801286
      11.883488
      11.964465
      12.048265
      12.128430
      12.211003
      12.288371
      12.367744
      12.447828
      12.530368
      12.613923
      12.702179
      12.783328
      12.866200
      12.950600
      13.032588
      13.114473
      13.200207
      13.287591
      13.376682
      13.459399
      13.544817
      13.633140
      13.716918
      13.808006
      13.896760
      13.983879
      14.071199
      14.156956
      14.246683
      14.336616
      14.426970
      14.518347
      14.609546
      14.697138
      14.787917
      14.879277
      14.977706
      15.068441
      15.162614
      15.253646
      15.342950
      15.439518
      15.536588
      15.627416
      15.718154
      15.817630
      15.915850
      16.009114
      16.108902
      16.198549
      16.293894
      16.388526
      16.479161
      16.579599
      16.676795
      16.770030
      16.871268
      16.969146
      17.069022
      17.166154
      17.264515
      17.358593
      17.456461
      17.558193
      17.660590
      17.760728
      17.867578
      17.972088
      18.068660
      18.166776
      18.266730
      18.374913
      18.475659
      18.575737
      18.684862
      18.791429
      18.890648
      18.997002
      19.099724
      19.205295
      19.308071
      19.414415
      19.522105
      19.631531
      19.733646
      19.840214
      19.946068
      20.053031
      20.166736
      20.273414
      20.385321
      20.493763
      20.610114
      20.715939
      20.830933
      20.940699
      21.050075
      21.163970
      21.277195
      21.391731
      21.499432
      21.617398
      21.738574
      21.852226
      21.962984
      22.084653
      22.204293
      22.323791
      22.442738
      22.561725
      22.682196
      22.798824
      22.912312
      23.037873
      23.154576
      23.276285
      23.397875
      23.519368
      23.644403
      23.762747
      23.890814
      24.009971
      24.135725
      24.258885
      24.381476
      24.508212
      24.631323
      24.752550
      24.881918
      25.008426
      25.139972
      25.262977
      25.390831
      25.515281
      25.647013
      25.778377
      25.905134
      26.032102
      26.155693
      26.285960
      26.430046
      26.560415
      26.689486
      26.819343
      26.950272
      27.084162
      27.216575
      27.351437
      27.488153
      27.623942
      27.766425
      27.891555
      28.028884
      28.166660
      28.292500
      28.431553
      28.573811
      28.703088
      28.837295
      28.975350
      29.114839
      29.254996
      29.401171
      29.536039
      29.680745
      29.824645
      29.966754
      30.114043
      30.251595
      30.399726
      30.543388
      30.688684
      30.841063
      30.989562
      31.139681
      31.278147
      31.423974
      31.572280
      31.716946
      31.860022
      32.013646
      32.166879
      32.321647
      32.473913
      32.622137
      32.778084
      32.930123
      33.078337
      33.232700
      33.394049
      33.546360
      33.695163
      33.855124
      34.006559
      34.166272
      34.323994
      34.474912
      34.627502
      34.787654
      34.944660
      35.103567
      35.254100
      35.416283
      35.578455
      35.748873
      35.904732
      36.068803
      36.234697
      36.394019
      36.561367
      36.714914
      36.880798
      37.040558
      37.204842
      37.364289
      37.527964
      37.693062
      37.868055
      38.035386
      38.213132
      38.378438
      38.542189
      38.724176
      38.901113
      39.073453
      39.245578
      39.419954
      39.605914
      39.778202
      39.957769
      40.134997
      40.313544
      40.493684
      40.664138
      40.848375
      41.027871
      41.206231
      41.392422
      41.568559
      41.741937
      41.929640
      42.113893
      42.299686
      42.477020
      42.658130
      42.847071
      43.029986
      43.210168
      43.393915
      43.595440
      43.777721
      43.975235
      44.163515
      44.356593
      44.548634
      44.742192
      44.938343
      45.134146
      45.331065
      45.531285
      45.734526
      45.935238
      46.138308
      46.336585
      46.534140
      46.735019
      46.947492
      47.149425
      47.351968
      47.545767
      47.744303
      47.947197
      48.160384
      48.362519
      48.579379
      48.782503
      48.989069
      49.210872
      49.418085
      49.635501
      49.848086
      50.070145
      50.290632
      50.508173
      50.722064
      50.942074
      51.155870
      51.375048
      51.599084
      51.816099
      52.023878
      52.253355
      52.480054
      52.703946
      52.922532
      53.133408
      53.352495
      53.582925
      53.820984
      54.034241
      54.256907
      54.480280
      54.711511
      54.950755
      55.185858
      55.414777
      55.657868
      55.901043
      56.147797
      56.380196
      56.619698
      56.876701
      57.117836
      57.358209
      57.594970
      57.834176
      58.080015
      58.324232
      58.578304
      58.808621
      59.048553
      59.300678
      59.541173
      59.775393
      60.025140
      60.272582
      60.522655
      60.771024
      61.013234
      61.250708
      61.517694
      61.771156
      62.032250
      62.293023
      62.541945
      62.790168
      63.055548
      63.312666
      63.568834
      63.820296
      64.074630
      64.351653
      64.621607
      64.876032
      65.136586
      65.397896
      65.685529
      65.956004
      66.229059
      66.502812
      66.783791
      67.054713
      67.338005
      67.620716
      67.907913
      68.191308
      68.471767
      68.755170
      69.042170
      69.316091
      69.598547
      69.880067
      70.170943
      70.475982
      70.763893
      71.064903
      71.360862
      71.664298
      71.958539
      72.244723
      72.547882
      72.842901
      73.155373
      73.446307
      73.744429
      74.058342
      74.363846
      74.650760
      74.946919
      75.246976
      75.542529
      75.857494
      76.159240
      76.472313
      76.769948
      77.090989
      77.423237
      77.736707
      78.056605
      78.399143
      78.734783
      79.048370
      79.373538
      79.706212
      80.039245
      80.378212
      80.697837
      81.045390
      81.403613
      81.716928
      82.043253
      82.372956
      82.705863
      83.031885
      83.369758
      83.715561
      84.059324
      84.403763
      84.740849
      85.079072
      85.418853
      85.765493
      86.128396
      86.465186
      86.815546
      87.167603
      87.513790
      87.859842
      88.227033
      88.576952
      88.928737
      89.293827
      89.661397
      90.023067
      90.394051
      90.744054
      91.128818
      91.494056
      91.865506
      92.230940
      92.606097
      92.997560
      93.389934
      93.785628
      94.156414
      94.548782
      94.921043
      95.327749
      95.720411
      96.098312
      96.488094
      96.907232
      97.308246
      97.702027
      98.103040
      98.519406
      98.906352
      99.321789
      99.710321
      100.11923
      100.55289
      100.94876
      101.35012
      101.76282
      102.17252
      102.60083
      103.03922
      103.45555
      103.89686
      104.30613
      104.72229
      105.15651
      105.57878
      106.02577
      106.46874
      106.91528
      107.37074
      107.82431
      108.27859
      108.71255
      109.15423
      109.60732
      110.05559
      110.50933
      110.95606
      111.40037
      111.85061
      112.32467
      112.79996
      113.27711
      113.73961
      114.19916
      114.70225
      115.17041
      115.64768
      116.11789
      116.60316
      117.07541
      117.55995
      118.06211
      118.57817
      119.08639
      119.56060
      120.03870
      120.55887
      121.04572
      121.53921
      122.05511
      122.58292
      123.08947
      123.61012
      124.13620
      124.65896
      125.16118
      125.70697
      126.20593
      126.76260
      127.27108
      127.80617
      128.35723
      128.87737
      129.39824
      129.97719
      130.51115
      131.07509
      131.62094
      132.21134
      132.78932
      133.38144
      133.98336
      134.54751
      135.16297
      135.74939
      136.32489
      136.92120
      137.54736
      138.14205
      138.70342
      139.30990
      139.93173
      140.53425
      141.12042
      141.73606
      142.32029
      142.93681
      143.55763
      144.18326
      144.82960
      145.47247
      146.09228
      146.74264
      147.40176
      148.05506
      148.67456
      149.30458
      149.98406
      150.65481
      151.31090
      152.00979
      152.67199
      153.39147
      154.06153
      154.75172
      155.44388
      156.12512
      156.81607
      157.53181
      158.25130
      158.97634
      159.68448
      160.39082
      161.10358
      161.86072
      162.57787
      163.32432
      164.07630
      164.79038
      165.54290
      166.29516
      167.08264
      167.84333
      168.64217
      169.41964
      170.18123
      170.93239
      171.66295
      172.48763
      173.29890
      174.03690
      174.86162
      175.66034
      176.52383
      177.33262
      178.16694
      178.98206
      179.80678
      180.68822
      181.55913
      182.42557
      183.29032
      184.14057
      184.99635
      185.84941
      186.71214
      187.56443
      188.44245
      189.36520
      190.33231
      191.28237
      192.20330
      193.12985
      194.04582
      194.97694
      195.96898
      196.90990
      197.86146
      198.86706
      199.86387
      200.80548
      201.81608
      202.78265
      203.82234
      204.77765
      205.82711
      206.91918
      207.90311
      208.97431
      210.01445
      211.08037
      212.20206
      213.32238
      214.44451
      215.55745
      216.64894
      217.80317
      218.88544
      220.04701
      221.18910
      222.39602
      223.51951
      224.77248
      225.95015
      227.09964
      228.25068
      229.41798
      230.59272
      231.77900
      233.04444
      234.27966
      235.56911
      236.79813
      238.00397
      239.39498
      240.67960
      242.02046
      243.29442
      244.64966
      246.01361
      247.35144
      248.72643
      250.08146
      251.50281
      252.96882
      254.42167
      255.88209
      257.43287
      258.92312
      260.54703
      262.03698
      263.58720
      265.17887
      266.70768
      268.34013
      270.01772
      271.60085
      273.26420
      274.88823
      276.58918
      278.13850
      279.79863
      281.47918
      283.35289
      285.14586
      286.98937
      288.80470
      290.73821
      292.49040
      294.30135
      296.22713
      298.16311
      300.24472
      302.09676
      304.07012
      306.08812
      308.11390
      310.14762
      312.35091
      314.47637
      316.66215
      318.87495
      321.02285
      323.33689
      325.66873
      327.98357
      330.33622
      332.71677
      335.27571
      337.79853
      340.33024
      342.83048
      345.46667
      348.05783
      350.83601
      353.60741
      356.50544
      359.36761
      362.34694
      365.30187
      368.30316
      371.29642
      374.39540
      377.54087
      380.70159
      384.00826
      387.51367
      391.14665
      394.59633
      398.20075
      401.93965
      405.78019
      409.64964
      413.70754
      417.95569
      422.10869
      426.79241
      431.10438
      435.79405
      440.70043
      445.54153
      450.71183
      455.66779
      461.10455
      466.74183
      472.35428
      478.39132
      484.27214
      490.72406
      497.27350
      503.96323
      510.67718
      518.05972
      525.91826
      533.71465
      542.14532
      551.10552
      560.37490
      570.28723
      581.10209
      591.84893
      603.96692
      616.53882
      630.41151
      645.90509
      662.47754
      680.01980
      700.45943
      724.18738
      752.87304
      786.80808
      828.31768
      882.86151
      967.31557
      1134.9797
