      1.3849016
      1.7231897
      1.9681242
      2.1560468
      2.3318675
      2.4815162
      2.6170889
      2.7407342
      2.8549184
      2.9738456
      3.0850286
      3.1897770
      3.2921330
      3.3924045
      3.4895978
      3.5821471
      3.6689766
      3.7605944
      3.8459366
      3.9292609
      4.0215076
      4.1053815
      4.1836351
      4.2712674
      4.3458039
      4.4313817
      4.5151692
      4.5945895
      4.6678586
      4.7486731
      4.8214224
      4.8972446
      4.9721775
      5.0424149
      5.1128613
      5.1886959
      5.2605820
      5.3328347
      5.4047861
      5.4800934
      5.5520420
      5.6259626
      5.7000148
      5.7753183
      5.8495733
      5.9203889
      5.9930491
      6.0679429
      6.1398343
      6.2074125
      6.2790959
      6.3504284
      6.4210387
      6.4885016
      6.5587933
      6.6280791
      6.6973754
      6.7665454
      6.8399361
      6.9106051
      6.9802391
      7.0466816
      7.1209043
      7.1892946
      7.2553195
      7.3272872
      7.3954149
      7.4685173
      7.5356611
      7.6096289
      7.6818006
      7.7510679
      7.8208066
      7.8888140
      7.9547950
      8.0215068
      8.0894901
      8.1609716
      8.2325845
      8.2978955
      8.3677788
      8.4375948
      8.5041018
      8.5765983
      8.6440013
      8.7136559
      8.7848626
      8.8539650
      8.9225011
      8.9950139
      9.0605610
      9.1298296
      9.2021050
      9.2704055
      9.3402636
      9.4118395
      9.4815699
      9.5539010
      9.6254103
      9.6981811
      9.7705864
      9.8395282
      9.9094637
      9.9795075
      10.048370
      10.117685
      10.189112
      10.262250
      10.337219
      10.409503
      10.480444
      10.550293
      10.619193
      10.690522
      10.764803
      10.835088
      10.908323
      10.983790
      11.056470
      11.126312
      11.196425
      11.272669
      11.345384
      11.418219
      11.488056
      11.558942
      11.631545
      11.703495
      11.778348
      11.848423
      11.922463
      11.992721
      12.065532
      12.140477
      12.212803
      12.284307
      12.358309
      12.431937
      12.504787
      12.578078
      12.649863
      12.722617
      12.793280
      12.870730
      12.947917
      13.021632
      13.096540
      13.167104
      13.242356
      13.318254
      13.397425
      13.474377
      13.549345
      13.621927
      13.698354
      13.774348
      13.851871
      13.929321
      14.007619
      14.088177
      14.166949
      14.243780
      14.321858
      14.400261
      14.477223
      14.556045
      14.633681
      14.710727
      14.791791
      14.871322
      14.945356
      15.020910
      15.101692
      15.178957
      15.255329
      15.335526
      15.420155
      15.499409
      15.576935
      15.657150
      15.734540
      15.816877
      15.895585
      15.974727
      16.051622
      16.136090
      16.219083
      16.300036
      16.380093
      16.466359
      16.550492
      16.631933
      16.714818
      16.801271
      16.882865
      16.968929
      17.051537
      17.135699
      17.219478
      17.304515
      17.389787
      17.473368
      17.553193
      17.638068
      17.725534
      17.811170
      17.892982
      17.979543
      18.063450
      18.146596
      18.233500
      18.319295
      18.408499
      18.490911
      18.580214
      18.667115
      18.752971
      18.835069
      18.924094
      19.011644
      19.097683
      19.189458
      19.277633
      19.360983
      19.448674
      19.537655
      19.621574
      19.707467
      19.801599
      19.893339
      19.984813
      20.073329
      20.162487
      20.256229
      20.346457
      20.439763
      20.531109
      20.623116
      20.712921
      20.803673
      20.892442
      20.987899
      21.082448
      21.171124
      21.262562
      21.356535
      21.445395
      21.533428
      21.628011
      21.720717
      21.809531
      21.896621
      21.990394
      22.089012
      22.182233
      22.274961
      22.367435
      22.463116
      22.560268
      22.655829
      22.750886
      22.841101
      22.938813
      23.036920
      23.135652
      23.236091
      23.330622
      23.428282
      23.532554
      23.630779
      23.735181
      23.837101
      23.933160
      24.031848
      24.132600
      24.231008
      24.334652
      24.435742
      24.539197
      24.638940
      24.739170
      24.836658
      24.937279
      25.044564
      25.144822
      25.251251
      25.348219
      25.454508
      25.559674
      25.664620
      25.767880
      25.869601
      25.975342
      26.080214
      26.186947
      26.290133
      26.393257
      26.501351
      26.607328
      26.709487
      26.829153
      26.936356
      27.039480
      27.144214
      27.250725
      27.361912
      27.469338
      27.575307
      27.683881
      27.796824
      27.907012
      28.010704
      28.120320
      28.227198
      28.332128
      28.443840
      28.563736
      28.664766
      28.779201
      28.883243
      29.000643
      29.111573
      29.219777
      29.329646
      29.445908
      29.564367
      29.676059
      29.794869
      29.910266
      30.026716
      30.136976
      30.246770
      30.362343
      30.482612
      30.600734
      30.720262
      30.838794
      30.959090
      31.075102
      31.203980
      31.323365
      31.447638
      31.570221
      31.685763
      31.811394
      31.930969
      32.051312
      32.171733
      32.297298
      32.422489
      32.543721
      32.663733
      32.792349
      32.917391
      33.035528
      33.161846
      33.292048
      33.418392
      33.536925
      33.662964
      33.786953
      33.910001
      34.030971
      34.159242
      34.282509
      34.409099
      34.535052
      34.658863
      34.786406
      34.917085
      35.041222
      35.170406
      35.299806
      35.426994
      35.558142
      35.687070
      35.820278
      35.949721
      36.078612
      36.213052
      36.344037
      36.474166
      36.610070
      36.745213
      36.883723
      37.013138
      37.143317
      37.280315
      37.414429
      37.545304
      37.673852
      37.806925
      37.944439
      38.082094
      38.221142
      38.356386
      38.496820
      38.632962
      38.769126
      38.909585
      39.041968
      39.179259
      39.325078
      39.467613
      39.607634
      39.752763
      39.887146
      40.027381
      40.169167
      40.318775
      40.459547
      40.608172
      40.755489
      40.900429
      41.041679
      41.187068
      41.329322
      41.480841
      41.627046
      41.773712
      41.927894
      42.086258
      42.229306
      42.372530
      42.525741
      42.668898
      42.820597
      42.973537
      43.117783
      43.271754
      43.423361
      43.567218
      43.725561
      43.876748
      44.021201
      44.178855
      44.336392
      44.494883
      44.649016
      44.796199
      44.947699
      45.104575
      45.269502
      45.426396
      45.581793
      45.745414
      45.901721
      46.053698
      46.212357
      46.377999
      46.548063
      46.717231
      46.879989
      47.043807
      47.204498
      47.362263
      47.519851
      47.684294
      47.849029
      48.013883
      48.177263
      48.340495
      48.505246
      48.679545
      48.846839
      49.018296
      49.187376
      49.349149
      49.517530
      49.691117
      49.854868
      50.040052
      50.212650
      50.383555
      50.556807
      50.732615
      50.907349
      51.089435
      51.270525
      51.446960
      51.619714
      51.790990
      51.967790
      52.150822
      52.324796
      52.517400
      52.701077
      52.881117
      53.063614
      53.246103
      53.432762
      53.612262
      53.809478
      53.990538
      54.185020
      54.359126
      54.556273
      54.746542
      54.928057
      55.105756
      55.298132
      55.480153
      55.665590
      55.846088
      56.031037
      56.219896
      56.413473
      56.608401
      56.798744
      56.995176
      57.196952
      57.392534
      57.590435
      57.779793
      57.972340
      58.177978
      58.383148
      58.585037
      58.787544
      58.985267
      59.185270
      59.395001
      59.596709
      59.803063
      59.994792
      60.192012
      60.393318
      60.596755
      60.800759
      61.010040
      61.214250
      61.417746
      61.635431
      61.839733
      62.048544
      62.266979
      62.476577
      62.693972
      62.910591
      63.126213
      63.338888
      63.549896
      63.761572
      63.974754
      64.188220
      64.402154
      64.623207
      64.842172
      65.072433
      65.285010
      65.516169
      65.740857
      65.985117
      66.202115
      66.416716
      66.631824
      66.857138
      67.082106
      67.308750
      67.525756
      67.763619
      67.996183
      68.229815
      68.459865
      68.710785
      68.955250
      69.193404
      69.439247
      69.676395
      69.920202
      70.157881
      70.403319
      70.645842
      70.877062
      71.106682
      71.353821
      71.586264
      71.833414
      72.082904
      72.331336
      72.586586
      72.846696
      73.105906
      73.349348
      73.593101
      73.839045
      74.084819
      74.347918
      74.605300
      74.853987
      75.108063
      75.359932
      75.609971
      75.875489
      76.129694
      76.388169
      76.652652
      76.919946
      77.175125
      77.449974
      77.714215
      77.988615
      78.266521
      78.537995
      78.803143
      79.070949
      79.339466
      79.605389
      79.886321
      80.164511
      80.434676
      80.710137
      80.974916
      81.244008
      81.549257
      81.836108
      82.120756
      82.406503
      82.683923
      82.975410
      83.264741
      83.555541
      83.857361
      84.141630
      84.440016
      84.740680
      85.034322
      85.322637
      85.619619
      85.904064
      86.212157
      86.504474
      86.799301
      87.086217
      87.369468
      87.663874
      87.951531
      88.251150
      88.555925
      88.851667
      89.158064
      89.476360
      89.795616
      90.126391
      90.428004
      90.742262
      91.049671
      91.346551
      91.670610
      91.997958
      92.316220
      92.636299
      92.958684
      93.291954
      93.618651
      93.939736
      94.263029
      94.601626
      94.926414
      95.246336
      95.587987
      95.934387
      96.258798
      96.589939
      96.926827
      97.255881
      97.596671
      97.947069
      98.294172
      98.625017
      98.971570
      99.311295
      99.686989
      100.01768
      100.36044
      100.71345
      101.06419
      101.43773
      101.80353
      102.15612
      102.51734
      102.90178
      103.25621
      103.62103
      104.00389
      104.37994
      104.73031
      105.11063
      105.49277
      105.84734
      106.21502
      106.61127
      106.98514
      107.37441
      107.76451
      108.14542
      108.51065
      108.90058
      109.28721
      109.67721
      110.06247
      110.46250
      110.88644
      111.30431
      111.70368
      112.09720
      112.51169
      112.91163
      113.29233
      113.69404
      114.10604
      114.51235
      114.92986
      115.34468
      115.76462
      116.20123
      116.63078
      117.05929
      117.49751
      117.93388
      118.37617
      118.82639
      119.24828
      119.67960
      120.11455
      120.56533
      121.00358
      121.45617
      121.93406
      122.39711
      122.86028
      123.32855
      123.80230
      124.27199
      124.73218
      125.19647
      125.65902
      126.14087
      126.60797
      127.11399
      127.60714
      128.09530
      128.61746
      129.09245
      129.55948
      130.04427
      130.50379
      130.99401
      131.48300
      131.95730
      132.44259
      132.96191
      133.46205
      134.00628
      134.52037
      135.00784
      135.51629
      136.02866
      136.57477
      137.13284
      137.64105
      138.14440
      138.70340
      139.22050
      139.76551
      140.29594
      140.85050
      141.42253
      141.95356
      142.52353
      143.08415
      143.63655
      144.18598
      144.71933
      145.29467
      145.88971
      146.47698
      147.04873
      147.61591
      148.18486
      148.76311
      149.37531
      149.95049
      150.58212
      151.18310
      151.76409
      152.37789
      152.99076
      153.60285
      154.26256
      154.88545
      155.50913
      156.12015
      156.73329
      157.37024
      157.97896
      158.59395
      159.24380
      159.88248
      160.53606
      161.17389
      161.83974
      162.50202
      163.16769
      163.80733
      164.47503
      165.16427
      165.82635
      166.48104
      167.20205
      167.88018
      168.60284
      169.31522
      170.01113
      170.73677
      171.46727
      172.17686
      172.87158
      173.62324
      174.35363
      175.12154
      175.82177
      176.56184
      177.31248
      178.06280
      178.82585
      179.63495
      180.39911
      181.14498
      181.90402
      182.65393
      183.41620
      184.22891
      185.04779
      185.87871
      186.72127
      187.51583
      188.31643
      189.13686
      189.98815
      190.87862
      191.79395
      192.62794
      193.46871
      194.32117
      195.19007
      196.07002
      196.97413
      197.82303
      198.72874
      199.64894
      200.58986
      201.52037
      202.42418
      203.34240
      204.31618
      205.30636
      206.30500
      207.29686
      208.21394
      209.22439
      210.19930
      211.20298
      212.22680
      213.24819
      214.28540
      215.29188
      216.32850
      217.37711
      218.43235
      219.52573
      220.62384
      221.72082
      222.85311
      223.91433
      225.02683
      226.09956
      227.21900
      228.29446
      229.47239
      230.66227
      231.83474
      233.05810
      234.32637
      235.59888
      236.75632
      237.94473
      239.18004
      240.41614
      241.67493
      242.97165
      244.18270
      245.54995
      246.82160
      248.15080
      249.42280
      250.82451
      252.24643
      253.58544
      254.92993
      256.34907
      257.82732
      259.28722
      260.73041
      262.11292
      263.64073
      265.19381
      266.81375
      268.30062
      269.81724
      271.33257
      272.98355
      274.55911
      276.17792
      277.74239
      279.31658
      281.00866
      282.73806
      284.46494
      286.30153
      288.01182
      289.80052
      291.66456
      293.45871
      295.24353
      297.23082
      299.01832
      301.03644
      302.98688
      305.01458
      306.99616
      308.99715
      311.16576
      313.25817
      315.18436
      317.42562
      319.54665
      321.80784
      324.05639
      326.42706
      328.76897
      331.01343
      333.46131
      335.87666
      338.47822
      340.99535
      343.58529
      346.20991
      348.76451
      351.38875
      354.00029
      356.57257
      359.47365
      362.44793
      365.51387
      368.47350
      371.45469
      374.60091
      377.75030
      380.83747
      384.25546
      387.60437
      391.12342
      394.71566
      398.69921
      402.53312
      406.43294
      410.55497
      414.62600
      418.90024
      423.30334
      427.58012
      432.16502
      436.86585
      442.17136
      447.19258
      452.37474
      457.74117
      463.31936
      469.05382
      474.68163
      481.09651
      487.53709
      494.35229
      501.46436
      509.15661
      517.57904
      526.30352
      535.38318
      545.46127
      556.17174
      567.71154
      580.49739
      595.36574
      611.04819
      630.75944
      652.52338
      680.55057
      721.94604
      797.50908
