   0.0012662880
   0.0025896780
   0.0039178356
   0.0051617683
   0.0065316191
   0.0078965538
   0.0092284583
    0.010541266
    0.011849948
    0.013127794
    0.014540362
    0.015943946
    0.017375247
    0.018815776
    0.020116786
    0.021465628
    0.022810470
    0.024241789
    0.025652298
    0.026999559
    0.028377481
    0.029779847
    0.031120058
    0.032520289
    0.033853200
    0.035225361
    0.036605806
    0.037998843
    0.039474733
    0.040951952
    0.042455233
    0.043859765
    0.045339713
    0.046779381
    0.048236364
    0.049667734
    0.051058167
    0.052557155
    0.053988951
    0.055531466
    0.056933955
    0.058432568
    0.060046956
    0.061564984
    0.063121590
    0.064522143
    0.066002258
    0.067529308
    0.069060986
    0.070463715
    0.072085947
    0.073593506
    0.075096231
    0.076549034
    0.078093289
    0.079591604
    0.081152551
    0.082747839
    0.084302201
    0.085839872
    0.087454021
    0.089051816
    0.090694268
    0.092335932
    0.093910556
    0.095506009
    0.097073984
    0.098632439
     0.10026205
     0.10191232
     0.10351658
     0.10514532
     0.10687493
     0.10844017
     0.10998657
     0.11161200
     0.11323483
     0.11494799
     0.11657209
     0.11820699
     0.11986680
     0.12151879
     0.12313171
     0.12482900
     0.12652798
     0.12833389
     0.12998960
     0.13174915
     0.13348495
     0.13515077
     0.13678054
     0.13861670
     0.14035193
     0.14201560
     0.14373739
     0.14543083
     0.14713822
     0.14884077
     0.15050773
     0.15232483
     0.15406408
     0.15588142
     0.15764125
     0.15950785
     0.16137066
     0.16317672
     0.16507119
     0.16688915
     0.16868263
     0.17053950
     0.17239559
     0.17427173
     0.17614823
     0.17811891
     0.18013597
     0.18200132
     0.18397271
     0.18585906
     0.18782740
     0.18975236
     0.19167309
     0.19364331
     0.19555886
     0.19755625
     0.19957544
     0.20150971
     0.20347001
     0.20541428
     0.20736977
     0.20936421
     0.21131440
     0.21345324
     0.21547224
     0.21747841
     0.21944462
     0.22153127
     0.22367850
     0.22571699
     0.22783323
     0.22993727
     0.23208314
     0.23423356
     0.23636623
     0.23839132
     0.24048203
     0.24265964
     0.24473302
     0.24683759
     0.24898507
     0.25096531
     0.25316326
     0.25541635
     0.25743818
     0.25971554
     0.26194276
     0.26420767
     0.26644465
     0.26867217
     0.27088531
     0.27315539
     0.27539842
     0.27772485
     0.28001070
     0.28236990
     0.28468974
     0.28701976
     0.28938244
     0.29175567
     0.29414601
     0.29660381
     0.29896167
     0.30131094
     0.30370885
     0.30614036
     0.30856469
     0.31113907
     0.31373243
     0.31621902
     0.31868096
     0.32116685
     0.32372647
     0.32625218
     0.32877030
     0.33122652
     0.33370487
     0.33626257
     0.33873523
     0.34119114
     0.34382782
     0.34649267
     0.34915470
     0.35170602
     0.35450177
     0.35725585
     0.35994842
     0.36249191
     0.36519975
     0.36795064
     0.37066925
     0.37341147
     0.37604139
     0.37869559
     0.38160596
     0.38427900
     0.38718171
     0.38997783
     0.39267214
     0.39561940
     0.39843113
     0.40134373
     0.40438020
     0.40736039
     0.41028682
     0.41333539
     0.41641777
     0.41936606
     0.42245460
     0.42539881
     0.42851518
     0.43166456
     0.43494562
     0.43820074
     0.44129072
     0.44448617
     0.44782207
     0.45108646
     0.45433926
     0.45777236
     0.46110443
     0.46427890
     0.46757610
     0.47083954
     0.47422982
     0.47744825
     0.48082763
     0.48440549
     0.48766847
     0.49131686
     0.49471902
     0.49823010
     0.50182988
     0.50522463
     0.50882080
     0.51277553
     0.51647842
     0.52023895
     0.52399757
     0.52784879
     0.53159015
     0.53532743
     0.53916505
     0.54303555
     0.54714686
     0.55116969
     0.55524968
     0.55922015
     0.56311197
     0.56722397
     0.57113879
     0.57505912
     0.57916558
     0.58333481
     0.58750261
     0.59149066
     0.59577652
     0.59991975
     0.60422906
     0.60871946
     0.61288277
     0.61729491
     0.62167088
     0.62603571
     0.63084569
     0.63527299
     0.63965076
     0.64427320
     0.64919740
     0.65409844
     0.65906233
     0.66379838
     0.66857100
     0.67366287
     0.67863150
     0.68388413
     0.68909541
     0.69423507
     0.69921462
     0.70448254
     0.70983036
     0.71504325
     0.72057735
     0.72659827
     0.73231709
     0.73754969
     0.74341997
     0.74934190
     0.75506198
     0.76082326
     0.76698668
     0.77289812
     0.77865108
     0.78469042
     0.79106947
     0.79713940
     0.80375178
     0.81054597
     0.81708447
     0.82357252
     0.83019912
     0.83716289
     0.84414042
     0.85120505
     0.85812818
     0.86505479
     0.87241301
     0.87991503
     0.88765540
     0.89467146
     0.90207993
     0.90942367
     0.91726644
     0.92514282
     0.93308153
     0.94074240
     0.94901165
     0.95762632
     0.96585796
     0.97430895
     0.98296931
     0.99142790
      1.0004395
      1.0099140
      1.0187952
      1.0283583
      1.0373202
      1.0468470
      1.0562522
      1.0661448
      1.0759084
      1.0852154
      1.0954519
      1.1060679
      1.1159317
      1.1270128
      1.1380820
      1.1494105
      1.1615763
      1.1731124
      1.1847682
      1.1963279
      1.2081637
      1.2204289
      1.2326123
      1.2458701
      1.2584319
      1.2708166
      1.2831347
      1.2966891
      1.3102723
      1.3231463
      1.3364182
      1.3495009
      1.3638676
      1.3778273
      1.3923533
      1.4071662
      1.4211880
      1.4363991
      1.4521188
      1.4681907
      1.4840543
      1.5003329
      1.5164149
      1.5327051
      1.5502182
      1.5672188
      1.5846141
      1.6016235
      1.6195604
      1.6369411
      1.6553237
      1.6738099
      1.6926129
      1.7100765
      1.7285554
      1.7482257
      1.7692262
      1.7897802
      1.8093159
      1.8305563
      1.8505819
      1.8731114
      1.8944343
      1.9185034
      1.9420219
      1.9645769
      1.9890413
      2.0135665
      2.0364891
      2.0619706
      2.0857544
      2.1112918
      2.1361355
      2.1607825
      2.1863859
      2.2128842
      2.2362607
      2.2629528
      2.2917195
      2.3196546
      2.3476342
      2.3748812
      2.4045401
      2.4336690
      2.4643555
      2.4947627
      2.5268138
      2.5586316
      2.5923889
      2.6244336
      2.6591666
      2.6925432
      2.7259689
      2.7616267
      2.7952096
      2.8314431
      2.8659032
      2.9017767
      2.9385475
      2.9770807
      3.0170694
      3.0561890
      3.0953295
      3.1350483
      3.1771413
      3.2197514
      3.2647737
      3.3068016
      3.3460912
      3.3880681
      3.4317026
      3.4799023
      3.5284099
      3.5789886
      3.6264834
      3.6728209
      3.7222987
      3.7720663
      3.8237706
      3.8710825
      3.9230503
      3.9759142
      4.0267212
      4.0825684
      4.1371020
      4.1952937
      4.2521420
      4.3081974
      4.3676747
      4.4287287
      4.4839727
      4.5454900
      4.6089174
      4.6698677
      4.7315895
      4.7963132
      4.8651612
      4.9317087
      5.0028299
      5.0743703
      5.1408319
      5.2103047
      5.2822277
      5.3586177
      5.4342803
      5.5073412
      5.5796013
      5.6581802
      5.7362576
      5.8094219
      5.8897970
      5.9718097
      6.0609162
      6.1443798
      6.2282183
      6.3149918
      6.4037337
      6.4907214
      6.5864341
      6.6748401
      6.7665077
      6.8602385
      6.9527480
      7.0469901
      7.1463177
      7.2457346
      7.3482260
      7.4463702
      7.5565960
      7.6635368
      7.7714781
      7.8763408
      7.9830974
      8.0939467
      8.2094245
      8.3252272
      8.4443756
      8.5589956
      8.6763981
      8.7989038
      8.9196729
      9.0456416
      9.1670035
      9.2953427
      9.4236831
      9.5644885
      9.6923197
      9.8226943
      9.9611718
      10.100821
      10.242596
      10.382221
      10.519561
      10.667775
      10.823860
      10.978246
      11.133109
      11.279746
      11.424591
      11.579357
      11.739361
      11.900925
      12.061970
      12.233031
      12.405588
      12.583086
      12.756580
      12.930844
      13.111626
      13.278991
      13.452492
      13.629728
      13.814346
      14.000560
      14.177999
      14.369584
      14.556294
      14.741836
      14.937336
      15.135620
      15.323901
      15.527296
      15.742959
      15.955181
      16.171025
      16.390283
      16.599152
      16.816163
      17.049958
      17.269275
      17.495734
      17.725869
      17.961159
      18.198194
      18.434424
      18.675816
      18.914590
      19.142851
      19.407772
      19.662580
      19.916259
      20.177452
      20.441101
      20.705654
      20.972081
      21.240633
      21.501575
      21.769868
      22.049164
      22.327383
      22.617519
      22.896544
      23.191997
      23.470636
      23.762391
      24.046924
      24.342024
      24.643501
      24.943661
      25.246071
      25.542067
      25.849021
      26.179289
      26.478780
      26.814362
      27.136112
      27.461913
      27.807004
      28.144757
      28.487687
      28.830794
      29.187654
      29.526891
      29.868536
      30.203697
      30.543268
      30.910537
      31.279155
      31.641356
      32.028416
      32.382734
      32.747066
      33.111773
      33.486801
      33.870591
      34.267221
      34.672552
      35.072370
      35.462578
      35.863467
      36.278097
      36.680375
      37.094365
      37.518499
      37.960818
      38.387903
      38.810025
      39.242942
      39.696106
      40.153250
      40.613473
      41.046691
      41.502991
      41.956773
      42.410594
      42.896995
      43.383585
      43.851596
      44.319253
      44.821788
      45.321610
      45.813314
      46.290755
      46.786542
      47.271247
      47.753356
      48.304927
      48.790573
      49.263622
      49.805823
      50.312587
      50.837292
      51.369237
      51.895223
      52.444567
      53.001094
      53.563762
      54.118904
      54.690679
      55.285779
      55.842809
      56.414592
      56.985369
      57.561942
      58.163614
      58.751644
      59.326632
      59.917507
      60.514663
      61.126250
      61.783725
      62.381591
      62.998516
      63.608737
      64.252164
      64.877799
      65.523888
      66.137074
      66.784297
      67.419566
      68.054427
      68.681924
      69.308923
      69.991056
      70.665909
      71.373970
      72.044123
      72.738133
      73.411397
      74.073997
      74.766802
      75.461111
      76.150190
      76.862820
      77.582571
      78.308822
      79.053888
      79.772143
      80.514085
      81.283624
      82.042291
      82.759783
      83.473381
      84.221910
      84.998520
      85.720360
      86.505182
      87.270025
      88.107953
      88.895181
      89.695935
      90.520662
      91.321381
      92.127053
      92.984269
      93.852059
      94.714717
      95.569443
      96.407727
      97.222574
      98.117295
      98.924250
      99.760212
      100.62618
      101.47646
      102.37686
      103.24481
      104.08314
      104.94179
      105.86450
      106.73286
      107.65669
      108.55356
      109.45076
      110.41742
      111.34167
      112.29093
      113.25147
      114.17318
      115.09177
      116.04211
      116.98236
      117.92452
      118.87529
      119.90732
      120.87203
      121.86282
      122.88278
      123.92578
      125.00414
      126.07293
      127.07140
      128.11945
      129.13112
      130.17537
      131.21631
      132.21795
      133.26180
      134.33918
      135.38818
      136.49366
      137.57927
      138.67320
      139.78841
      140.89220
      141.99927
      143.07240
      144.17464
      145.28310
      146.40917
      147.55279
      148.63988
      149.76078
      150.87899
      152.05586
      153.23918
      154.42588
      155.63787
      156.83015
      158.02564
      159.22178
      160.45760
      161.72249
      162.91076
      164.13111
      165.40983
      166.57205
      167.79779
      169.01055
      170.29320
      171.51758
      172.67296
      174.06989
      175.35647
      176.66224
      177.92271
      179.22441
      180.56390
      181.84287
      183.18703
      184.57189
      185.85082
      187.18798
      188.55548
      189.92618
      191.35248
      192.73037
      194.10206
      195.49264
      196.93046
      198.30765
      199.72025
      201.18855
      202.55510
      203.98700
      205.46849
      206.95830
      208.38258
      209.79599
      211.21474
      212.64358
      214.11599
      215.59838
      217.08212
      218.53880
      220.00223
      221.52126
      223.06335
      224.62111
      226.14885
      227.67768
      229.18162
      230.69769
      232.21679
      233.76451
      235.31858
      236.95989
      238.54450
      240.14116
      241.90019
      243.54470
      245.19403
      246.82568
      248.52198
      250.18156
      251.86989
      253.56847
      255.31032
      256.88630
      258.64375
      260.40900
      262.09338
      263.78432
      265.55019
      267.32572
      269.07478
      270.86294
      272.58889
      274.40682
      276.26300
      278.00068
      279.77113
      281.52288
      283.34583
      285.23033
      287.14577
      289.02085
      290.95798
      292.84869
      294.76630
      296.66878
      298.66269
      300.66415
      302.48518
      304.41939
      306.37048
      308.20581
      310.09784
      312.06922
      314.01043
      315.96178
      317.97185
      319.95305
      322.00503
      324.03456
      326.04108
      328.05693
      330.11238
      332.23270
      334.34117
      336.41144
      338.56377
      340.79277
      342.96628
      345.07630
      347.25579
      349.55039
      351.73366
      353.93275
      356.14728
      358.39360
      360.64169
      362.91786
      365.31037
      367.52984
      369.81792
      372.23329
      374.38715
      376.92019
      379.25411
      381.61983
      384.06787
      386.55207
      388.98746
      391.46854
      393.84465
      396.43497
      399.07814
      401.51443
      403.96662
      406.54401
      409.13428
      411.84737
      414.54864
      417.35849
      420.00322
      422.75170
      425.48332
      428.38770
      431.07304
      433.71282
      436.55027
      439.46594
      442.49419
      445.39317
      448.36810
      451.39371
      454.37879
      457.41792
      460.42432
      463.49272
      466.68089
      469.87328
      473.00374
      476.28137
      479.73285
      483.23509
      486.76058
      490.25909
      493.82533
      497.35393
      500.93519
      504.55597
      508.14727
      511.67862
      515.48612
      519.56863
      523.37345
      527.32109
      531.44320
      535.67771
      539.92489
      544.13526
      548.62670
      553.20589
      557.97631
      562.78856
      567.62114
      572.67195
      577.79177
      583.32369
      588.82823
      594.45245
      600.07468
      606.10165
      612.06462
      618.61867
      625.46248
      632.07456
      639.15645
      646.73704
      654.81411
      662.84640
      671.34168
      680.21186
      690.29181
      700.73509
      711.86750
      723.98675
      737.46657
      751.65851
      767.52271
      784.90231
      803.96966
      826.48027
      853.83024
      887.14349
      932.17412
      994.96583
      1117.5435
