      6.9569123
      8.4939522
      9.5136674
      10.289629
      10.934095
      11.485342
      11.979657
      12.413512
      12.834384
      13.221157
      13.598028
      13.932584
      14.267790
      14.597614
      14.903299
      15.191445
      15.485059
      15.768621
      16.063391
      16.314488
      16.565129
      16.814472
      17.063804
      17.289385
      17.524757
      17.769041
      18.013456
      18.238130
      18.447372
      18.672391
      18.871865
      19.086077
      19.291639
      19.499630
      19.702342
      19.910152
      20.110122
      20.301190
      20.500465
      20.688498
      20.877030
      21.054935
      21.230589
      21.410367
      21.586126
      21.767941
      21.960062
      22.128551
      22.288698
      22.468204
      22.640529
      22.808383
      22.974961
      23.133765
      23.297332
      23.467394
      23.630537
      23.786175
      23.954998
      24.117650
      24.274885
      24.419296
      24.580036
      24.743795
      24.898489
      25.049135
      25.197283
      25.359922
      25.519381
      25.673563
      25.819131
      25.971039
      26.126152
      26.285077
      26.438834
      26.589912
      26.736740
      26.883280
      27.028668
      27.171424
      27.324977
      27.473262
      27.620844
      27.765044
      27.896198
      28.036052
      28.176806
      28.317807
      28.460480
      28.603944
      28.742678
      28.880435
      29.020493
      29.158264
      29.296073
      29.429310
      29.564882
      29.703853
      29.843036
      29.988168
      30.125742
      30.258682
      30.400085
      30.537167
      30.663847
      30.804964
      30.939546
      31.076377
      31.202711
      31.336234
      31.479569
      31.616094
      31.748231
      31.888523
      32.016481
      32.157666
      32.299175
      32.430098
      32.559062
      32.684953
      32.816901
      32.951679
      33.079625
      33.211826
      33.341613
      33.473344
      33.605601
      33.735292
      33.867662
      33.993013
      34.115363
      34.253881
      34.387519
      34.519539
      34.652187
      34.773125
      34.898949
      35.031788
      35.156517
      35.281196
      35.411532
      35.543600
      35.675896
      35.797927
      35.921363
      36.044956
      36.169971
      36.296359
      36.423466
      36.543533
      36.673356
      36.803511
      36.929944
      37.056346
      37.177390
      37.312525
      37.440291
      37.567802
      37.690735
      37.818290
      37.943663
      38.077076
      38.204557
      38.330907
      38.451753
      38.573571
      38.697365
      38.812531
      38.933887
      39.057086
      39.182703
      39.307932
      39.430771
      39.559101
      39.684681
      39.813281
      39.940472
      40.076311
      40.199692
      40.324278
      40.451403
      40.577895
      40.697711
      40.822148
      40.943929
      41.064263
      41.184046
      41.300730
      41.425893
      41.548538
      41.668274
      41.787367
      41.911368
      42.034445
      42.155767
      42.285112
      42.406483
      42.530720
      42.653179
      42.775126
      42.899516
      43.025336
      43.143954
      43.266199
      43.398038
      43.521741
      43.640488
      43.764753
      43.890964
      44.015440
      44.135784
      44.267448
      44.385083
      44.509183
      44.629835
      44.756401
      44.878890
      44.998518
      45.128253
      45.252041
      45.375178
      45.492945
      45.616891
      45.730622
      45.850439
      45.971626
      46.102663
      46.226752
      46.345836
      46.466063
      46.587076
      46.709082
      46.831305
      46.948892
      47.073590
      47.192000
      47.324187
      47.446159
      47.569820
      47.698066
      47.818988
      47.937001
      48.057870
      48.182888
      48.302169
      48.429806
      48.552988
      48.678429
      48.798671
      48.922976
      49.048768
      49.166630
      49.290752
      49.413334
      49.535387
      49.662204
      49.785931
      49.903807
      50.032743
      50.154564
      50.278473
      50.405158
      50.527043
      50.652387
      50.780213
      50.905316
      51.022330
      51.144423
      51.263540
      51.383588
      51.508193
      51.630344
      51.751421
      51.878680
      52.000083
      52.120814
      52.240888
      52.363786
      52.485615
      52.610038
      52.742540
      52.858906
      52.985820
      53.112704
      53.228825
      53.350744
      53.475382
      53.604888
      53.723915
      53.854706
      53.975158
      54.100594
      54.228553
      54.348207
      54.464789
      54.591031
      54.713934
      54.841176
      54.958301
      55.086015
      55.206392
      55.326730
      55.453405
      55.580377
      55.706479
      55.827968
      55.954580
      56.078722
      56.203727
      56.332675
      56.454930
      56.579639
      56.704359
      56.840143
      56.966637
      57.097076
      57.221189
      57.346395
      57.470146
      57.601873
      57.725681
      57.852719
      57.981110
      58.107777
      58.233475
      58.357648
      58.480715
      58.602621
      58.729632
      58.855244
      58.986933
      59.119571
      59.235867
      59.360804
      59.490839
      59.625287
      59.750570
      59.872961
      59.998846
      60.125187
      60.251815
      60.377650
      60.500087
      60.624722
      60.749344
      60.883502
      61.015188
      61.148059
      61.276212
      61.400772
      61.535354
      61.664280
      61.795344
      61.924142
      62.057666
      62.189593
      62.319915
      62.447173
      62.581961
      62.716616
      62.840751
      62.978059
      63.111738
      63.243056
      63.375648
      63.505872
      63.635060
      63.759386
      63.894245
      64.023076
      64.151821
      64.281603
      64.416999
      64.552557
      64.680072
      64.818102
      64.952088
      65.089288
      65.232417
      65.364865
      65.493935
      65.630246
      65.769211
      65.897752
      66.032157
      66.163418
      66.300204
      66.432328
      66.571725
      66.706847
      66.843998
      66.984304
      67.119782
      67.265349
      67.403570
      67.538928
      67.682363
      67.819899
      67.955082
      68.094323
      68.233644
      68.368726
      68.507397
      68.647309
      68.784067
      68.917426
      69.057454
      69.198670
      69.334274
      69.479895
      69.616586
      69.756349
      69.894352
      70.038723
      70.173899
      70.311915
      70.452729
      70.584257
      70.720327
      70.863552
      71.012807
      71.151366
      71.294558
      71.438893
      71.580432
      71.717928
      71.860296
      71.994160
      72.125924
      72.268392
      72.414250
      72.559067
      72.708626
      72.854230
      72.997043
      73.140855
      73.277048
      73.420637
      73.566047
      73.704669
      73.847589
      73.984720
      74.121569
      74.271258
      74.420136
      74.564144
      74.713947
      74.862981
      75.009942
      75.150760
      75.305914
      75.461877
      75.604306
      75.754065
      75.897523
      76.041696
      76.193903
      76.335218
      76.484500
      76.628041
      76.781057
      76.937130
      77.078020
      77.222637
      77.372853
      77.528252
      77.675920
      77.825357
      77.960945
      78.117506
      78.270542
      78.420347
      78.567809
      78.719991
      78.872972
      79.024973
      79.172448
      79.326361
      79.483061
      79.638652
      79.786721
      79.941911
      80.085530
      80.239135
      80.391935
      80.537708
      80.692104
      80.842421
      81.001504
      81.156509
      81.323084
      81.474798
      81.635617
      81.794720
      81.951511
      82.105158
      82.260456
      82.408540
      82.570043
      82.728650
      82.884617
      83.035237
      83.198659
      83.355319
      83.505560
      83.654950
      83.814248
      83.972963
      84.129727
      84.287839
      84.457045
      84.619659
      84.781523
      84.942902
      85.092450
      85.246998
      85.396139
      85.555932
      85.714381
      85.867954
      86.027099
      86.187482
      86.346630
      86.501074
      86.670949
      86.838027
      86.998134
      87.164212
      87.331274
      87.498882
      87.660359
      87.822611
      87.985770
      88.154952
      88.314185
      88.475463
      88.636948
      88.805066
      88.966111
      89.137874
      89.301776
      89.474276
      89.646034
      89.810771
      89.975171
      90.147430
      90.305674
      90.478576
      90.655231
      90.826768
      90.988093
      91.161657
      91.329701
      91.492697
      91.667994
      91.844921
      92.024116
      92.191520
      92.368977
      92.547040
      92.724456
      92.890587
      93.067621
      93.241430
      93.411434
      93.592599
      93.760159
      93.933284
      94.106682
      94.288053
      94.452124
      94.630063
      94.817136
      94.995841
      95.180618
      95.359924
      95.536126
      95.724759
      95.914106
      96.104140
      96.279794
      96.454249
      96.636973
      96.810353
      96.988358
      97.165115
      97.347512
      97.523735
      97.703115
      97.889087
      98.078166
      98.266488
      98.444313
      98.624003
      98.812227
      98.987542
      99.179384
      99.367203
      99.555330
      99.743203
      99.937393
      100.12010
      100.30132
      100.49029
      100.68066
      100.87129
      101.06186
      101.25221
      101.45300
      101.64128
      101.81635
      102.00991
      102.20321
      102.38809
      102.58032
      102.76623
      102.96150
      103.14746
      103.33955
      103.53861
      103.73817
      103.92825
      104.13035
      104.31576
      104.50506
      104.70962
      104.90335
      105.10117
      105.28955
      105.49087
      105.68818
      105.89207
      106.09593
      106.29424
      106.50870
      106.71778
      106.92520
      107.12446
      107.32980
      107.54291
      107.74126
      107.94597
      108.15834
      108.34894
      108.55679
      108.76932
      108.98016
      109.20105
      109.41259
      109.61520
      109.82853
      110.04057
      110.25619
      110.46199
      110.67025
      110.89243
      111.10557
      111.31838
      111.53755
      111.75782
      111.98156
      112.19554
      112.41206
      112.63786
      112.87188
      113.07427
      113.29517
      113.51044
      113.72538
      113.93987
      114.15174
      114.37743
      114.60796
      114.82386
      115.04146
      115.25537
      115.47987
      115.70449
      115.91870
      116.14483
      116.36707
      116.59996
      116.83735
      117.06588
      117.29841
      117.53650
      117.78035
      118.00163
      118.22463
      118.47014
      118.71037
      118.95629
      119.18782
      119.42969
      119.66425
      119.89373
      120.13479
      120.36289
      120.61090
      120.85114
      121.09387
      121.33521
      121.57664
      121.80318
      122.04491
      122.27740
      122.51485
      122.75740
      122.98538
      123.22733
      123.47564
      123.71427
      123.96886
      124.21827
      124.48199
      124.72120
      124.96766
      125.22037
      125.48733
      125.74059
      126.00985
      126.25067
      126.50644
      126.75675
      127.00506
      127.26033
      127.51388
      127.76555
      128.02103
      128.26987
      128.55523
      128.82218
      129.08802
      129.36163
      129.63088
      129.89722
      130.16357
      130.43114
      130.69708
      130.96124
      131.22970
      131.48595
      131.76397
      132.02817
      132.29019
      132.56215
      132.84582
      133.11313
      133.38750
      133.65202
      133.92001
      134.18962
      134.46244
      134.74408
      135.03483
      135.31422
      135.60912
      135.89112
      136.18509
      136.47337
      136.75248
      137.04196
      137.32769
      137.63733
      137.94795
      138.24719
      138.53859
      138.82747
      139.11723
      139.41171
      139.70985
      140.00746
      140.31163
      140.59789
      140.89719
      141.20479
      141.52109
      141.81656
      142.12602
      142.44376
      142.74209
      143.05786
      143.37141
      143.70667
      144.01777
      144.32679
      144.65010
      144.95581
      145.29084
      145.61384
      145.96644
      146.28907
      146.60917
      146.95323
      147.27135
      147.61084
      147.95307
      148.29287
      148.63852
      148.98677
      149.33860
      149.68303
      150.02452
      150.37082
      150.70706
      151.06773
      151.40757
      151.76312
      152.11426
      152.47127
      152.83744
      153.18745
      153.55232
      153.92295
      154.29241
      154.65299
      155.02037
      155.36471
      155.74415
      156.11035
      156.49313
      156.87165
      157.27175
      157.64877
      158.01316
      158.40518
      158.77098
      159.16632
      159.54300
      159.94402
      160.32225
      160.71414
      161.11743
      161.51716
      161.92777
      162.31754
      162.73908
      163.13443
      163.54686
      163.95162
      164.36329
      164.81216
      165.23118
      165.64449
      166.05484
      166.47763
      166.90597
      167.33515
      167.74499
      168.17080
      168.61287
      169.06644
      169.52309
      169.97162
      170.43414
      170.88176
      171.34886
      171.81541
      172.30503
      172.78365
      173.23795
      173.71725
      174.18656
      174.64943
      175.14621
      175.63038
      176.10884
      176.58568
      177.08449
      177.55149
      178.07588
      178.57594
      179.07550
      179.57603
      180.07612
      180.59558
      181.12645
      181.63063
      182.13198
      182.69617
      183.23934
      183.76554
      184.29719
      184.82534
      185.36738
      185.91382
      186.47575
      187.05314
      187.64557
      188.24458
      188.83778
      189.42232
      190.02291
      190.57813
      191.12147
      191.72074
      192.33471
      192.95432
      193.57658
      194.23457
      194.84995
      195.47568
      196.14166
      196.77667
      197.45759
      198.09811
      198.76958
      199.44380
      200.08919
      200.77474
      201.46830
      202.13178
      202.85449
      203.56725
      204.27412
      205.01068
      205.72075
      206.44061
      207.19413
      207.93503
      208.69456
      209.47459
      210.27506
      211.03690
      211.82944
      212.63193
      213.43549
      214.25361
      215.07816
      215.94001
      216.79286
      217.62224
      218.50336
      219.42643
      220.34379
      221.21350
      222.17141
      223.11240
      224.05376
      225.04715
      226.06480
      227.12182
      228.18726
      229.27590
      230.37077
      231.42975
      232.49162
      233.62380
      234.71219
      235.88129
      237.03408
      238.23374
      239.47574
      240.67777
      241.90669
      243.16897
      244.47410
      245.81078
      247.17000
      248.46224
      249.85551
      251.34850
      252.85204
      254.27158
      255.83896
      257.38800
      259.03329
      260.67049
      262.34244
      264.15179
      266.04872
      267.94044
      269.93041
      271.96048
      274.06287
      276.30034
      278.54048
      280.78611
      283.31307
      285.87680
      288.65810
      291.40815
      294.24774
      297.20308
      300.36515
      303.81906
      307.56133
      311.44119
      315.53234
      319.98572
      325.07637
      330.66523
      336.77958
      343.76021
      351.88973
      361.19411
      372.47068
      388.64631
      409.54131
      448.87374
