   0.0029916837
   0.0060779393
   0.0093485352
    0.012435833
    0.015591331
    0.018650495
    0.021684130
    0.024693507
    0.027798481
    0.031026872
    0.034156305
    0.037240211
    0.040396775
    0.043490222
    0.046774649
    0.050000558
    0.053404995
    0.056737390
    0.059881462
    0.063089258
    0.066548139
    0.070012900
    0.073149926
    0.076432769
    0.079651523
    0.082960513
    0.086202665
    0.089506408
    0.092950491
    0.096548025
    0.099828855
     0.10316455
     0.10667106
     0.11029620
     0.11380838
     0.11740398
     0.12096143
     0.12448904
     0.12790784
     0.13154764
     0.13520695
     0.13894694
     0.14246486
     0.14623540
     0.14983667
     0.15365611
     0.15733400
     0.16088621
     0.16444937
     0.16824612
     0.17215422
     0.17574627
     0.17963712
     0.18327843
     0.18717252
     0.19083457
     0.19455634
     0.19824186
     0.20209133
     0.20612655
     0.20989288
     0.21368844
     0.21776935
     0.22167782
     0.22558842
     0.22961942
     0.23341272
     0.23777494
     0.24190683
     0.24603996
     0.25023129
     0.25451477
     0.25861939
     0.26288614
     0.26688310
     0.27108888
     0.27527707
     0.27960181
     0.28379155
     0.28802288
     0.29232587
     0.29651388
     0.30072650
     0.30512983
     0.30950334
     0.31387903
     0.31816808
     0.32291506
     0.32718884
     0.33157545
     0.33618658
     0.34102271
     0.34566527
     0.34999940
     0.35477480
     0.35949002
     0.36427558
     0.36892446
     0.37374276
     0.37825419
     0.38338825
     0.38826037
     0.39289715
     0.39774035
     0.40252972
     0.40737302
     0.41221012
     0.41714312
     0.42200279
     0.42691170
     0.43194628
     0.43679094
     0.44197791
     0.44717102
     0.45226714
     0.45733440
     0.46286416
     0.46791404
     0.47306257
     0.47833466
     0.48378673
     0.48950829
     0.49487213
     0.50028636
     0.50576982
     0.51125577
     0.51686638
     0.52260548
     0.52813611
     0.53382604
     0.53939935
     0.54504376
     0.55077213
     0.55631290
     0.56179476
     0.56724008
     0.57320569
     0.57921057
     0.58518185
     0.59087078
     0.59692270
     0.60278536
     0.60872500
     0.61487228
     0.62117012
     0.62745192
     0.63397003
     0.64041065
     0.64665095
     0.65322654
     0.66012680
     0.66658287
     0.67347201
     0.68041018
     0.68702574
     0.69361027
     0.70060913
     0.70748387
     0.71440500
     0.72167949
     0.72835935
     0.73523284
     0.74226298
     0.74932260
     0.75650537
     0.76366083
     0.77101382
     0.77855126
     0.78603704
     0.79329052
     0.80068635
     0.80849177
     0.81566248
     0.82304675
     0.83078491
     0.83820708
     0.84612922
     0.85464360
     0.86253305
     0.87069851
     0.87930310
     0.88766045
     0.89632851
     0.90498037
     0.91312624
     0.92202080
     0.93035618
     0.93899609
     0.94760737
     0.95576875
     0.96446757
     0.97287359
     0.98172593
     0.99086276
      1.0000374
      1.0089945
      1.0191011
      1.0284925
      1.0379250
      1.0472902
      1.0572350
      1.0666079
      1.0765353
      1.0865813
      1.0963739
      1.1063018
      1.1161268
      1.1266572
      1.1368360
      1.1471327
      1.1578783
      1.1687377
      1.1799861
      1.1905789
      1.2010883
      1.2126694
      1.2239207
      1.2352474
      1.2472106
      1.2589894
      1.2708430
      1.2823874
      1.2940272
      1.3060169
      1.3176969
      1.3294727
      1.3420693
      1.3546266
      1.3674333
      1.3805201
      1.3924570
      1.4054057
      1.4185387
      1.4321591
      1.4452709
      1.4591983
      1.4727684
      1.4865130
      1.4995325
      1.5128361
      1.5269947
      1.5412401
      1.5546572
      1.5691438
      1.5836800
      1.5980809
      1.6122350
      1.6264486
      1.6405090
      1.6550748
      1.6702102
      1.6855482
      1.7009956
      1.7173444
      1.7335811
      1.7490277
      1.7642188
      1.7804079
      1.7971927
      1.8135696
      1.8294357
      1.8461628
      1.8629029
      1.8803222
      1.8967447
      1.9137295
      1.9300251
      1.9462576
      1.9639032
      1.9803983
      1.9976545
      2.0154713
      2.0334681
      2.0513194
      2.0703911
      2.0889990
      2.1068057
      2.1257141
      2.1453292
      2.1628374
      2.1819402
      2.2014036
      2.2204863
      2.2406663
      2.2601308
      2.2796354
      2.2996058
      2.3192076
      2.3395445
      2.3604170
      2.3803637
      2.4031888
      2.4260483
      2.4491611
      2.4710897
      2.4926271
      2.5149746
      2.5370514
      2.5581770
      2.5797760
      2.6035027
      2.6269511
      2.6497134
      2.6729110
      2.6968138
      2.7206164
      2.7457508
      2.7698651
      2.7924927
      2.8169066
      2.8422160
      2.8690039
      2.8935258
      2.9188286
      2.9440564
      2.9704711
      2.9966873
      3.0227672
      3.0487430
      3.0759849
      3.1035169
      3.1304223
      3.1573748
      3.1841162
      3.2103672
      3.2405907
      3.2678786
      3.2951838
      3.3246286
      3.3530847
      3.3803756
      3.4100542
      3.4386560
      3.4680316
      3.4995011
      3.5306758
      3.5619902
      3.5928995
      3.6230937
      3.6552502
      3.6870432
      3.7186947
      3.7516731
      3.7841179
      3.8167320
      3.8511903
      3.8838901
      3.9151629
      3.9486156
      3.9832111
      4.0187403
      4.0530886
      4.0866549
      4.1214171
      4.1574435
      4.1916921
      4.2283860
      4.2633192
      4.2989680
      4.3348310
      4.3721915
      4.4098561
      4.4463637
      4.4831758
      4.5226888
      4.5625672
      4.6002237
      4.6405803
      4.6810299
      4.7191849
      4.7581378
      4.7976921
      4.8387294
      4.8812011
      4.9229794
      4.9638253
      5.0041888
      5.0456738
      5.0869526
      5.1296065
      5.1736058
      5.2152578
      5.2576870
      5.3016382
      5.3439326
      5.3885981
      5.4337810
      5.4806039
      5.5239041
      5.5691440
      5.6139014
      5.6581799
      5.7037712
      5.7521305
      5.8030633
      5.8547734
      5.9052922
      5.9523807
      6.0021384
      6.0501126
      6.1024172
      6.1519491
      6.2013656
      6.2519385
      6.3036238
      6.3554878
      6.4061785
      6.4583058
      6.5098416
      6.5616795
      6.6181689
      6.6748867
      6.7283632
      6.7824223
      6.8398266
      6.8966277
      6.9509332
      7.0080843
      7.0658784
      7.1224079
      7.1778505
      7.2365203
      7.2971468
      7.3568597
      7.4209985
      7.4822082
      7.5434615
      7.6067677
      7.6675746
      7.7299484
      7.7927892
      7.8574276
      7.9256837
      7.9913886
      8.0541940
      8.1227226
      8.1887964
      8.2555837
      8.3287182
      8.3987568
      8.4676838
      8.5359550
      8.6065890
      8.6746092
      8.7427268
      8.8142726
      8.8839348
      8.9578633
      9.0290677
      9.1012686
      9.1811029
      9.2537370
      9.3317076
      9.4070949
      9.4827189
      9.5544425
      9.6342813
      9.7094773
      9.7848900
      9.8622592
      9.9433072
      10.023664
      10.106385
      10.191249
      10.274221
      10.358625
      10.446004
      10.529783
      10.613576
      10.701855
      10.789819
      10.875526
      10.959785
      11.048740
      11.138064
      11.226091
      11.318311
      11.405124
      11.498231
      11.594166
      11.688358
      11.779003
      11.876314
      11.972824
      12.067784
      12.170374
      12.266777
      12.370885
      12.469165
      12.570844
      12.673855
      12.775692
      12.881427
      12.987650
      13.093104
      13.201147
      13.299485
      13.410324
      13.523703
      13.639040
      13.754286
      13.869516
      13.981230
      14.093620
      14.207327
      14.320632
      14.436888
      14.552461
      14.665095
      14.781284
      14.896196
      15.014351
      15.129456
      15.243413
      15.362003
      15.484064
      15.609650
      15.729951
      15.860048
      15.986810
      16.113051
      16.242505
      16.374900
      16.498890
      16.634676
      16.760818
      16.898913
      17.033098
      17.169779
      17.314808
      17.445430
      17.582049
      17.714418
      17.858322
      18.000635
      18.147273
      18.291365
      18.436107
      18.581090
      18.725465
      18.869495
      19.030655
      19.183329
      19.337990
      19.493768
      19.645878
      19.804604
      19.957861
      20.120408
      20.284814
      20.451727
      20.614604
      20.787639
      20.948467
      21.109741
      21.286514
      21.443277
      21.610088
      21.773498
      21.944254
      22.110038
      22.286451
      22.461931
      22.642299
      22.819684
      23.009019
      23.182797
      23.378943
      23.560443
      23.744842
      23.937425
      24.126418
      24.319456
      24.507465
      24.709501
      24.902895
      25.098150
      25.301604
      25.498160
      25.704717
      25.902796
      26.109713
      26.309478
      26.513945
      26.725655
      26.920523
      27.144926
      27.358326
      27.574700
      27.791158
      28.017304
      28.224951
      28.445251
      28.660523
      28.881048
      29.114190
      29.332746
      29.571519
      29.806539
      30.026678
      30.255235
      30.498389
      30.735650
      30.984778
      31.238913
      31.497959
      31.735030
      32.011946
      32.271369
      32.516598
      32.773521
      33.030945
      33.299376
      33.564033
      33.822614
      34.093290
      34.356451
      34.626547
      34.911251
      35.190070
      35.449928
      35.722527
      36.014155
      36.297541
      36.571070
      36.858199
      37.132379
      37.433191
      37.723213
      38.017979
      38.325920
      38.621060
      38.936278
      39.244815
      39.554866
      39.854496
      40.164071
      40.470424
      40.786890
      41.100435
      41.412249
      41.732403
      42.052639
      42.366117
      42.695639
      43.031959
      43.391024
      43.721623
      44.059846
      44.395334
      44.734415
      45.082440
      45.446533
      45.809011
      46.164205
      46.515560
      46.895470
      47.250687
      47.608157
      47.977259
      48.370352
      48.739517
      49.137276
      49.511703
      49.921013
      50.306072
      50.705800
      51.106845
      51.527535
      51.946479
      52.341712
      52.736891
      53.133344
      53.563514
      53.999138
      54.440107
      54.854384
      55.282983
      55.715097
      56.143256
      56.595560
      57.023253
      57.452779
      57.904811
      58.350478
      58.800307
      59.262527
      59.713343
      60.182190
      60.674507
      61.159969
      61.626152
      62.089661
      62.556137
      63.046044
      63.534046
      64.034220
      64.542333
      65.063017
      65.546492
      66.071344
      66.610269
      67.123370
      67.645312
      68.177945
      68.714226
      69.244923
      69.799697
      70.341519
      70.908968
      71.476094
      72.010437
      72.531532
      73.108174
      73.663672
      74.253500
      74.860592
      75.427014
      76.018468
      76.627210
      77.244178
      77.857171
      78.495490
      79.109883
      79.738773
      80.370065
      81.049873
      81.684587
      82.323201
      82.969583
      83.621262
      84.287983
      84.992521
      85.647749
      86.309007
      86.954430
      87.638485
      88.317672
      88.995625
      89.696860
      90.427398
      91.173256
      91.869362
      92.596145
      93.326941
      94.072587
      94.818388
      95.556881
      96.312402
      97.060812
      97.821252
      98.601332
      99.370380
      100.11799
      100.88786
      101.66900
      102.49854
      103.28576
      104.10945
      104.89490
      105.71375
      106.57465
      107.41563
      108.27302
      109.10823
      109.94832
      110.81795
      111.67358
      112.56027
      113.47735
      114.38769
      115.34361
      116.24803
      117.11864
      117.99337
      118.92816
      119.82009
      120.73930
      121.66661
      122.62196
      123.59983
      124.52182
      125.53804
      126.52671
      127.57616
      128.56517
      129.54349
      130.65439
      131.71948
      132.76902
      133.83896
      134.85716
      135.95171
      136.99946
      138.06877
      139.11485
      140.28371
      141.49859
      142.61877
      143.75617
      144.97227
      146.13446
      147.25960
      148.46617
      149.63391
      150.89904
      152.12875
      153.34337
      154.57881
      155.80099
      157.03575
      158.30780
      159.57312
      160.87585
      162.15547
      163.51728
      164.86237
      166.19622
      167.50933
      168.81614
      170.17566
      171.61261
      172.99318
      174.43380
      175.88045
      177.31660
      178.74062
      180.15617
      181.61343
      183.01966
      184.45313
      185.96000
      187.50999
      189.03167
      190.44931
      192.01484
      193.55283
      195.13347
      196.70201
      198.32915
      199.95178
      201.57658
      203.24994
      204.97992
      206.74684
      208.48616
      210.19626
      212.00946
      213.78041
      215.54596
      217.29464
      219.11763
      220.94302
      222.70517
      224.62415
      226.41978
      228.29703
      230.11498
      232.10594
      234.09891
      235.99803
      237.93310
      239.93766
      241.97654
      243.94459
      245.89504
      248.02611
      250.07647
      252.16703
      254.19353
      256.28753
      258.43194
      260.60340
      262.89462
      265.15476
      267.44032
      269.72532
      271.97297
      274.20212
      276.38650
      278.71293
      281.08754
      283.49583
      285.85076
      288.30679
      290.72554
      293.10095
      295.69857
      298.19001
      300.87062
      303.51582
      306.04510
      308.81048
      311.62553
      314.38310
      317.09913
      319.96564
      322.89596
      325.90017
      328.90154
      331.75654
      334.54997
      337.43900
      340.52263
      343.55286
      346.57746
      349.63440
      352.89705
      356.10990
      359.29371
      362.45569
      365.79040
      369.20680
      372.65612
      376.12419
      379.44538
      383.03345
      386.55521
      390.29761
      393.92553
      397.57159
      401.29376
      405.00839
      408.58412
      412.42945
      416.36351
      420.40899
      424.21616
      428.48309
      432.38587
      436.73307
      440.90065
      445.55665
      449.95745
      454.07945
      458.45462
      463.17237
      467.72047
      472.74239
      477.34806
      482.16766
      487.06357
      492.25849
      497.21017
      502.26898
      507.18436
      512.38484
      517.57561
      522.89619
      528.11387
      533.52798
      538.92211
      544.21442
      549.88639
      555.90278
      561.67607
      568.08221
      574.36499
      580.70541
      587.50760
      594.17583
      601.21959
      608.41071
      615.38554
      622.88017
      630.23484
      637.88240
      645.44669
      653.66716
      662.11574
      670.35062
      679.15074
      687.71583
      696.63101
      706.18500
      715.60093
      726.12552
      736.92588
      747.94946
      759.24942
      771.42516
      783.76755
      795.84080
      809.28022
      823.06749
      838.69366
      854.28784
      871.76232
      890.21036
      910.36597
      931.63271
      955.09876
      981.00224
      1009.9563
      1044.0091
      1082.8332
      1131.0976
      1199.2910
      1294.2234
      1465.9901
